28
1675 9.313611635831355
54 9.0285668805777
162 8.073731627138129
828 7.384285817496419
1389 7.044669485673159
1969 6.959220119638667
2552 6.82378418583801
2243 6.681030089234308
1747 6.5198077340455125
724 6.283453846368659
2662 5.66313815271037
2066 5.219952236524729
1459 5.064781972093206
2482 4.755233872181931
2233 3.8695073437240537
843 3.8150554462284996
2142 3.4068715417141164
872 3.39954793802915
2521 2.634831936561914
2274 1.4912742999966717
284 1.4491676994886333
557 1.3194019808037962
1587 1.196563712988483
2342 1.0861783750404124
468 0.8325222034690637
1625 0.6876479478122876
470 0.5648103059401496
1308 0.274693732080902
