29
2346 9.825140507132101
1953 9.693954337929254
640 9.642781392639689
1814 8.69559451683494
1124 7.341215260494287
539 7.316157358935608
2328 7.256555635677102
795 6.820864515494647
1395 6.7405982835408125
129 6.717068108971782
1896 6.418829048116846
1885 6.3502495660046465
686 6.123266788959154
2659 5.709774496555321
169 5.597689688161358
2819 5.55223086131962
2848 5.293711040599435
1801 4.97827576504608
881 4.32354431430593
2372 2.0705798210723465
1638 2.0627394515707973
1165 1.7434249436815508
1078 1.4637238786356535
3898 1.1701951236877575
2901 1.1222655914885649
1421 0.697491431652732
4329 0.1152371139429959
2555 0.0922053862727032
1740 0.06633054773606206
