33
846 9.76604359114647
2048 9.666248506457215
1182 9.465331215043465
995 9.237647904172478
2569 9.227682790015704
1162 9.13118961242114
205 8.207300888816146
1737 7.815283840906196
1222 6.892982370909004
1993 6.289636237360191
1244 6.04787655151175
2685 5.417343064304199
1261 5.189907210316917
2083 5.120916937847862
796 5.108909738662822
937 4.991014601851854
1073 4.814301037558881
367 4.777902118670273
2789 4.509309913450394
1520 4.2717035438569315
2190 4.200848795438232
910 4.147202904947376
448 3.8780835558719557
1975 3.847379255797621
416 3.5811118241141053
4 3.3881756461208283
989 3.375253754420354
830 2.6967307030865677
3062 2.6179489063089383
2448 1.6835609155679505
1970 0.3824754402659102
1598 0.37186326213537646
1422 0.01815642928497257
