31
1460 9.81711897926036
2755 9.70302029039112
1842 9.311729288941187
2183 8.963777810507949
14 8.90138884362942
254 8.22429819012893
2784 8.015759033363482
2173 7.861838401124416
1534 7.815118264494046
1650 7.012973847691991
669 6.70723879622487
318 5.88636907531039
269 5.650470502536849
2679 5.188494314121458
1187 4.908563491704117
21 4.482646061741289
2655 4.478245754086201
818 4.451404809697699
1945 4.28334179714038
1164 3.843016330432522
1638 3.836499487682886
1123 3.728012249060524
3012 3.3033420031452994
893 2.8262248725696217
1051 2.6352557645828543
1838 2.2024929790743704
1326 0.8436072525881525
11155 0.1901532205398718
1558 0.16211201781736498
5553 0.08776756457848368
4764 0.06422609937872993
