43
3093 9.983710575068859
488 9.9145838854676
3255 9.364112774032192
1377 9.145775376945272
70 9.101781389619175
918 9.081075058419446
2201 8.206456745160116
1929 7.512050553932249
3557 7.484215724231569
1443 7.402439710990332
1334 7.292602340885858
4145 7.2139257556389005
3820 7.109816949699691
1290 7.044644985178372
2228 6.566646513317255
1885 6.384142997421903
3017 5.79232001391857
2073 5.179682229892484
2905 4.892454740074729
3461 4.660592148299043
655 4.620833749512876
877 4.586154221138129
1632 4.16942158495439
2813 3.7189361101155973
3942 3.684904453666904
2528 3.652415428483836
3917 3.523949819222847
4211 1.8265219749486692
2412 1.7066037996336152
2251 1.656457165270421
3805 1.4723475994357789
4235 1.3388100108526062
1122 1.262937489371449
1195 1.174663390060488
642 1.1061401160897388
2489 0.7943032814278115
3314 0.6048031813259704
2910 0.5583126679045424
2449 0.18916658261099376
3930 0.1119508623196069
6295 0.06388406260550147
8566 0.015895045980036045
25739 0.008265506145672574
