42
3046 9.593971406557147
1064 8.951894896823136
3376 8.408444423598391
2999 8.01827342360426
2797 7.95632386782565
2663 7.674229494030578
1567 7.2195605507513845
1988 7.108793448899627
1806 6.855894045186489
2068 6.572285719061671
2366 6.485532174776604
2974 6.4392726948166334
1156 6.211730738784815
619 6.130849241607604
1079 5.959247850277479
410 5.800772946400948
987 5.405545178670327
2411 5.3294139262928315
3159 5.295853952812867
2280 4.7632043123783765
2766 4.659046691418366
2532 4.611212703953626
3258 4.453706278353006
2642 4.32773742617287
2146 4.10476298615683
2758 3.7041123263300406
3115 3.329375413252416
1220 3.2512694905894315
2130 2.920569834822537
1263 2.9014734288071433
3274 2.745990849235312
790 2.6091385759952574
3643 2.281074257524486
290 2.254578502211935
355 1.3026221913991087
4841 0.9913851811385487
287 0.5889444224322561
363 0.3304662130013108
1144 0.15995541213241798
1118 0.11880581061741848
11253 0.10610607939979746
7156 0.07750437825783396
