42
626 9.442973690670195
2041 8.946922901558633
1452 8.393423653281555
1634 8.34768634383218
152 8.268824922733174
2095 7.873329602850288
1874 6.931911519836969
2648 6.511267072504354
1652 6.433103022436448
420 6.303497454795029
2466 6.241111557042698
2556 6.030167310140084
945 5.960969007351499
1293 5.839439164972262
1587 5.705530459942529
2293 5.541880185592082
1970 5.386248716504528
3122 5.009533005807977
2743 4.993157248500558
433 4.977752574934744
3184 4.669530662164336
2383 4.249759556319775
718 4.153493376885566
403 3.997958477633681
2224 3.984727364044396
2199 3.903494611437568
879 3.270421905363611
2473 3.2576122997354044
156 3.114620641724856
1509 2.403119669780535
1367 2.3539293424435406
1013 2.3398747812662983
2710 2.0832473615176355
988 1.9777165031088686
3208 0.9703208363799959
1170 0.8759128236778082
931 0.5869219573307898
3268 0.3070166513691747
348 0.18684787729980123
2025 0.18557915686776152
6562 0.024269104569814022
35964 0.0069278652928712586
