32
2304 9.792884393897891
2438 9.643171245188322
725 9.642421459362648
1116 9.18220074699155
1747 8.989819443449234
1132 8.683439149354118
507 8.00969499558069
2792 7.67875122208149
1353 7.037915717466892
2186 6.693320972267572
2204 5.243371968380014
2621 5.226156269013844
855 5.047309177849383
832 4.625951232401897
2056 4.260355875493462
3191 3.7170724553101078
2945 3.354734279367864
565 3.2352319885216554
976 3.073497653045553
3405 2.8844060716941144
962 2.855848731955295
822 2.372982518532198
556 2.0312680320020444
2245 1.986566963137225
1749 1.9664560072116373
1676 1.43526966751428
2912 1.4143446861103357
7 1.3978983539902856
2597 0.3366077697761868
3721 0.3225180361370863
412 0.16493687069121515
4796 0.07333270520159796
