29
244 9.583726064478881
1217 9.436523031866576
267 9.112474943641185
311 8.77334319324314
2507 8.56564766797319
117 8.11630156479273
1597 8.04961726990235
1420 7.442703574118586
907 6.009105505664364
704 5.900904637654852
1453 5.853790928939956
2536 5.8421735688786045
1670 5.400230915836743
1470 5.198871381110424
1168 5.147377401391017
405 4.829989803515193
915 4.450912333480125
1033 4.268010006186729
89 3.8939621453386906
155 3.53367067112074
2060 3.3190909501703785
149 3.1868293181901093
2549 2.3487273110402143
2423 2.198419105992948
167 1.9352954544418153
1285 1.5325611201181628
1401 1.2289361646122032
764 0.25365980201749777
3517 0.16437061929705626
