29
3618 9.533068693950181
1965 9.497713032474612
3358 9.480698767637625
1962 8.141827172314528
2440 8.1173357271928
2021 7.936621516299557
1455 7.607403718737382
3539 7.376101240416994
1909 7.124899787467322
258 7.0649572966113166
2118 6.643752830276842
2136 5.915439593550443
3120 5.600125754935029
1188 5.4342817309994045
1081 4.682445043709052
2000 4.502318999995337
3283 4.1181220171562325
1547 2.7917218629109803
1511 2.7376177521974396
3430 2.735966590074278
729 2.546268316991859
1427 2.472280571522916
261 2.104430346767236
629 2.064388770901378
1334 1.4653179293853804
1868 1.3700533059191917
1831 1.364916108644412
5700 0.16330808355388451
7257 0.0654267245855404
