37
3873 9.92471149806779
3008 9.68862212846173
2491 9.071787143887706
667 8.976736618917473
3868 7.9500983804686856
1115 6.991042726862516
3746 6.733315144066287
535 6.660850951148303
1143 5.828369439512585
3710 5.82018569252029
3280 5.657530223518688
1823 4.399812151444095
130 4.365385806809023
1434 4.162302979035195
3229 3.9021649907022424
817 3.8925716125837893
2360 3.2338336590217893
4315 3.1465338415977717
270 3.1037957815498483
4273 2.6160501654054196
3354 2.059120876603996
3205 1.9813485160436375
334 1.8648062447092486
1325 1.7870117679486155
2889 1.329200630306733
3763 1.1985475927436342
2166 1.1537155896525597
2120 0.8307572983711645
2056 0.7188073547570427
477 0.6178350580401698
1667 0.35822869719359135
6206 0.30007357764954756
1631 0.2917589457186573
5051 0.11655621957395047
3853 0.09563487080590784
22391 0.03657884323737671
22783 0.007574789601135861
