39
4018 9.963628411794003
983 9.872211214078517
3450 9.4163396216142
823 9.135522393202924
2453 8.94734111756232
2852 8.299391275782567
1961 7.9853673243587115
337 7.880132102995822
1864 7.455639733876926
3911 6.577335095353569
3577 5.304041764434091
154 5.297102525638985
455 5.240187464130254
355 5.016277268695642
1908 4.788766624356524
1244 4.773024031045944
3861 4.63292224574632
1671 4.058693917992067
1099 4.048209629037919
508 3.777215405900169
385 3.4868792599231133
3699 3.1370432925272227
2178 3.1049222299765957
2024 2.9222085326679124
2692 2.5713141080322997
3348 2.398142032069944
1238 2.2712491472900815
2572 2.131895527559255
1428 2.044872662879694
639 2.024408268733363
2285 1.600080669293016
414 1.0422540287677804
2710 0.9946675355879433
150 0.9448669174681792
2065 0.5746187066398726
3108 0.5254625592726302
3376 0.17342086012101654
12521 0.03694927045924464
3246 0.019566758180052334
