28
634 8.71019802937137
877 8.52392507668608
612 7.852472449007844
1570 7.047821180387324
1737 7.03667566273844
2004 6.35799567443965
1221 6.310020538757449
1426 6.251624008742268
3120 5.893495942160932
1316 5.80937516910648
2647 5.35183063047968
3279 5.293335820950238
2938 5.212600288876039
74 5.157637549505744
3123 4.440364108074837
67 4.331000420892382
928 4.298391541857092
2667 3.1889853005318374
2296 2.2407494942336643
903 1.9985680105202472
2299 1.7603462260850882
2005 1.4703916248561155
400 247.7184181930512
2967 0.6116821020004531
3863 0.441676815121813
611 0.3391514125803676
4401 0.2349201160973148
26763 0.0021751448404729776
