29
2050 13.554540947480485
1219 9.874819323117313
844 9.557944750573721
2325 9.36185857872658
2241 8.640019919616782
1444 8.092551626563708
34 7.86315018435295
2545 7.453316998174516
1763 7.295052657821021
2212 7.259356297743924
2114 6.9678297499163735
2509 5.90545161162456
1126 5.557475620436186
2517 4.822641812901415
1512 4.771714105567828
835 4.564028726996464
2067 4.1643602630018375
2043 3.464779899180565
159 2.800499538130659
2807 2.5886599602433957
1204 2.558820964453266
2560 1.313629935850477
1530 0.989714955857132
55 0.8774960137073498
1198 0.8481619722166517
1127 0.7586533730659986
2447 0.7347134711327769
141 0.5906471082130792
11196 0.035480020801803874
