34
2022 9.940791342213119
3489 9.525019388029065
2018 9.281721131308172
398 9.16293075057271
932 9.00893246462152
1284 8.749237989020783
151 8.595450385480015
751 8.260046182427182
2112 7.864791883260592
3771 7.812272622923947
1388 6.34870472085675
571 6.2940154447326355
3846 6.210011272171335
2362 5.738302368268878
1927 5.29436125519664
1887 5.117100210361676
2994 4.907698889424881
3421 4.428669372822166
1756 4.396138845230288
3532 3.614228821063806
3370 3.455327335182297
1637 3.1200764181536877
2360 2.9997561866829647
3592 2.9335038265927973
1983 2.8074094804585026
557 1.8921162296981522
3390 1.6903888682647579
145 1.3495288585020075
1455 1.1546927783268208
4765 1.1115586835008786
2770 0.9653061033707856
3645 0.8713555095525498
2431 0.6544316745078119
6076 0.02097199407594443
