31
2461 9.945939825184094
635 9.722285471811908
726 9.250308430186077
436 9.15209817102818
16 8.933170864464856
486 8.740783188539915
586 8.047849042734004
2431 7.598889763201802
1081 7.281522147231692
2221 6.9052056122900005
556 6.456442431589155
636 6.393650605282509
293 6.3705151355719645
2466 6.023017605801761
2377 5.189920325215497
2276 4.3477956512896805
352 4.23461162462759
290 3.549896245017843
1742 3.1937671213484946
1514 2.6759824286857867
2630 2.524191765498102
2162 1.8344012361343405
888 1.6530047592172528
617 1.1229008412230328
341 0.9513533287774094
1885 0.5259436155369593
980 0.388791001086198
2407 0.38797236807134355
3117 0.33947279796664076
2958 0.22734708577531265
238 0.08646758005179817
