34
2437 9.980836837165432
214 9.908436902083624
1973 9.64397464046892
669 9.466193060960887
1082 9.356802068706411
1296 9.152044414319136
1938 8.877792117274703
2152 8.870930121279718
2021 8.745278404746394
2639 8.419514558943549
1405 7.99254205871792
1796 7.820813379736723
2550 7.801225248579681
503 7.5818918250424385
1647 6.947053506045635
1704 6.480243488262167
788 6.13885597908057
392 5.010072667854958
2531 4.8321347311381
1321 4.725949247156058
901 4.568292037335106
1608 4.101283289369273
741 3.5537460035057373
1791 3.129154609492238
164 2.7347899639208544
114 2.5878708722010697
67 2.155283296126143
462 1.3529516902628256
611 1.2310669476391467
528 0.9913658358355866
247 0.6345730741198701
786 0.38800650331804426
2821 0.2522879107137267
27677 0.04873504665788214
