31
2438 9.87614599911442
1985 9.84431659510618
786 9.586435667234719
2018 9.264755869827704
1110 9.026745914638202
2050 8.759687589751193
704 8.465070791303475
424 8.421036869144213
1982 7.9468838127237635
2318 7.9247124526760775
830 7.375126254285466
1718 5.880857440082252
1632 5.867364351751562
562 5.842928504893735
1959 5.5757852640616195
2184 5.352940357666438
1561 5.209898306751728
114 5.173324555333951
19 5.042259549176634
1999 4.898492790693986
1274 4.736106482041723
1901 4.173569444738887
22 3.1553190373540905
66 2.4138676512831934
1586 1.9224653129748281
1158 1.6362718340351743
1833 1.2629550239747673
2043 1.1090277412708434
161 0.7126722229159778
2301 0.4471808979532603
39549 0.0013601254654182521
