24
848 9.758705732205739
753 9.736275294007376
691 9.531954837915945
1433 8.9170131040244
767 8.559836671634821
1183 8.306813421507638
534 8.150234425130433
489 8.032917127598344
298 7.917468211030441
330 7.752369015637973
591 7.570962972626487
1701 7.390747488054901
1128 6.613589303238096
678 5.875092634078644
1447 5.227262769583056
2561 4.781254162447751
2405 4.71413568236452
1828 4.244708068743075
1971 4.180705795934902
2452 3.9516248855209364
218 2.108162787877811
2091 1.3750993104168239
526 0.4561187680281138
1427 0.1327655877124688
