39
2001 9.807113159594673
2516 9.129128723039504
1152 9.099346692720188
882 8.36839033205731
628 8.292310947217088
187 8.177094841812599
206 8.098198499787339
1928 7.91979653323795
2646 7.703076423614488
420 7.664876695822459
1229 7.6326237713008735
2381 6.994606997202159
1536 6.426960223627983
1956 6.364866406306919
1351 6.153985052817231
830 5.828751180168565
2603 5.8071974511575855
2318 5.641459320534879
1992 5.358428163847556
1044 5.299323894945231
1949 4.995811201871212
851 4.786218860634727
817 4.186727760698528
2585 3.6559556070633947
1895 3.2514892150526595
2927 1.488018047988222
795 1.4758440264925987
778 1.0717624950985372
1479 0.6737386360593738
2900 0.5742547728440678
1781 0.5676446628458286
345 0.49052316609805563
1187 0.2519384348792291
4500 0.1019160448788705
1426 0.06942370977198233
133 0.06712578710117612
23778 0.03374017958358664
7407 0.018994542103541737
38206 0.0014917036990892496
