29
1908 9.974452561866363
2345 9.76544349363511
1518 9.713409968424491
1558 9.572529014443539
47 9.5183582774726
486 9.333686387255026
1042 9.231056973850501
1978 8.178361528199503
1853 7.765543364214227
2578 7.640020189728934
2509 7.436173598070471
119 6.562976803662414
831 6.505131650055151
609 6.352287918857451
1073 5.440650530661819
1930 5.151008928963497
2171 4.6254696311932335
1962 3.956808772102048
1998 3.5350269425129572
2128 2.927614836678968
5 2.69953331611687
2397 2.4682779679386155
2481 2.144795621449153
1657 1.8144110473106012
2845 0.601692552507085
97 0.318445092346371
946 0.14881863495717285
17281 0.08664387085081088
22699 0.008244762200846864
