44
1520 201.2271508843437
1434 8.97442254886734
1138 8.552798521172178
480 8.506543920715915
2748 8.024431509876326
3086 7.995014218648522
1391 7.514285772793093
1465 7.025769029458533
47 6.734186099493854
3128 6.600981146430637
3325 6.3402801379307245
2660 6.290222257551657
3442 6.2365283398619065
195 6.03629188214446
2354 5.39561118298478
1088 5.29694652787432
2138 5.232540553680862
1812 5.231049720109032
3176 4.98646701957266
3503 4.971537278827258
1455 4.917313687106288
1789 4.856568256551869
2499 4.795892949393567
2942 4.399421550107942
2743 4.1434533322812666
1615 3.9715289471534994
2445 3.920959564152657
510 3.89804634507786
1711 3.2485028148605717
2567 3.1762006140343697
1561 3.0718334968475216
1616 3.020036551654055
2810 2.6038965724579195
681 2.464109637622482
379 1.4802990044073188
959 1.425043152536089
1124 0.8611117232796045
3059 0.592072077761473
631 0.4819093931797591
3032 0.46326951929634025
3635 0.3476342821845037
1393 0.12227624973871871
4171 0.06122718659057083
2680 0.04451842801684792
