39
272 9.95249833551156
2858 8.521200473467328
863 8.409002204400535
1194 8.268653066680429
2918 8.207604719148867
502 8.037883501025581
1651 7.927210216284748
417 7.8991161805760575
102 7.642515269281055
2789 7.470943111675765
1618 7.439174139538074
607 7.05975200658147
2960 7.056134809319086
2623 6.79887458895013
1487 6.550132184377009
1809 6.097052668892798
850 5.509961045587086
2064 5.486678028166827
578 5.130530232692028
868 5.11760385754785
1205 5.091332406413045
846 4.735550523359994
34 4.219553933753431
460 3.530300639110223
2502 2.93050259853569
192 2.402514451099908
1186 2.002914430897967
304 1.964761543639283
869 1.8652278724920912
815 1.1815796507977492
692 1.1771219210494448
1466 1.1592996570187888
847 0.9182776559402781
3230 0.6195441677851995
647 0.41388299092204844
3371 0.1525368380095864
3907 0.13874113267224392
4133 0.029007812530086254
7125 0.013802662365828097
