41
234 9.780894269316658
3186 9.56784803682611
832 9.340381980144395
714 9.256139278904486
3157 9.047508451198249
2933 8.878060766768604
2182 8.740611109507272
3176 7.9822502284167625
2433 7.773931796302575
1684 7.090672912060431
1591 6.614772434075587
299 6.4435726791328785
2009 6.058449510057436
308 5.909059813857768
3428 5.86860208937484
2841 5.738842008546717
415 5.615418106205456
1775 5.2735315544819406
718 4.241184043980364
954 4.229098714511764
1190 4.176803162542018
572 3.8770359235949705
3450 2.928191169115146
2706 2.8303966227382777
3289 2.7646750980634267
2997 2.5989010149214233
3276 1.9679697364530018
3814 1.510128937258476
2535 1.1427044010797938
1293 1.1314023750222457
1575 1.100338476469747
937 0.9531900620530299
2987 0.844350275184784
2031 0.8075609225693793
1937 0.4835240509469854
2086 0.36308671483624017
1213 0.27424589664617843
417 0.11829514639153711
7222 0.07991984760129718
17306 0.049611393462906515
5119 0.03064085697331512
