35
611 8.607968524850053
1031 8.485345658413554
2341 8.385006857375014
2309 7.947750028516382
1074 7.892996429270706
1040 7.74220148031339
829 7.306173060154756
2063 6.886673392018032
1815 6.848549896963915
746 6.519160958857107
1844 6.328606392076091
558 6.031890818362365
2104 5.941816422067571
2831 5.581902854989242
457 5.5755906645521796
3177 5.194725921352903
2463 5.068958101334461
2099 4.9777387363867485
1347 4.622907449381014
1408 4.170510425316126
2377 4.010781209806025
1402 3.9915077887735824
452 3.87860810033973
564 3.091904372243267
866 2.3043730503733557
939 1.66306031374555
718 1.6141863554572617
1482 1.2564553304581974
849 1.162457378372488
3089 0.4372560722074585
1867 0.43548759003952586
797 0.3123830112416219
2729 0.25120588790319187
14174 0.07775163528497239
24738 0.04594527812457018
