64
0 1 100
0 2 48
0 3 36
0 4 19
0 5 39
0 6 89
0 7 3
0 8 35
0 9 21
0 10 97
0 11 52
0 12 73
0 13 34
0 14 38
0 15 60
0 16 19
0 17 40
0 18 45
0 19 52
0 20 89
0 21 68
0 22 90
0 23 77
0 24 93
0 25 32
0 26 57
0 27 64
0 28 89
0 29 44
0 30 78
0 31 101
0 32 58
0 33 57
0 34 26
0 35 31
0 36 94
0 37 19
0 38 26
0 39 101
0 40 57
0 41 53
0 42 20
0 43 81
0 44 7
0 45 99
0 46 3
0 47 39
0 48 8
0 49 81
0 50 80
0 51 86
0 52 19
0 53 77
0 54 65
0 55 69
0 56 76
0 57 35
0 58 47
0 59 13
0 60 29
0 61 14
0 62 35
0 63 27
1 0 25
1 2 82
1 3 8
1 4 16
1 5 1
1 6 57
1 7 61
1 8 35
1 9 34
1 10 3
1 11 43
1 12 20
1 13 83
1 14 52
1 15 97
1 16 14
1 17 68
1 18 53
1 19 33
1 20 85
1 21 67
1 22 26
1 23 42
1 24 80
1 25 41
1 26 52
1 27 76
1 28 67
1 29 69
1 30 17
1 31 36
1 32 78
1 33 23
1 34 81
1 35 91
1 36 8
1 37 48
1 38 71
1 39 44
1 40 64
1 41 54
1 42 51
1 43 19
1 44 20
1 45 5
1 46 57
1 47 39
1 48 59
1 49 90
1 50 54
1 51 73
1 52 33
1 53 21
1 54 65
1 55 45
1 56 12
1 57 85
1 58 22
1 59 53
1 60 50
1 61 26
1 62 71
1 63 66
2 0 63
2 1 77
2 3 62
2 4 63
2 5 13
2 6 20
2 7 99
2 8 68
2 9 87
2 10 46
2 11 23
2 12 91
2 13 65
2 14 71
2 15 8
2 16 60
2 17 61
2 18 55
2 19 34
2 20 11
2 21 74
2 22 70
2 23 99
2 24 79
2 25 86
2 26 85
2 27 2
2 28 68
2 29 53
2 30 25
2 31 85
2 32 3
2 33 50
2 34 32
2 35 69
2 36 101
2 37 89
2 38 1
2 39 7
2 40 40
2 41 27
2 42 44
2 43 64
2 44 52
2 45 63
2 46 66
2 47 79
2 48 42
2 49 30
2 50 76
2 51 100
2 52 60
2 53 29
2 54 81
2 55 61
2 56 77
2 57 75
2 58 22
2 59 100
2 60 18
2 61 83
2 62 49
2 63 56
3 0 39
3 1 28
3 2 57
3 4 51
3 5 69
3 6 33
3 7 20
3 8 22
3 9 85
3 10 32
3 11 63
3 12 33
3 13 45
3 14 64
3 15 97
3 16 73
3 17 16
3 18 35
3 19 55
3 20 40
3 21 100
3 22 48
3 23 6
3 24 9
3 25 59
3 26 80
3 27 28
3 28 31
3 29 68
3 30 42
3 31 33
3 32 98
3 33 16
3 34 5
3 35 68
3 36 54
3 37 59
3 38 91
3 39 10
3 40 84
3 41 65
3 42 96
3 43 15
3 44 26
3 45 70
3 46 1
3 47 28
3 48 20
3 49 57
3 50 56
3 51 85
3 52 82
3 53 73
3 54 81
3 55 13
3 56 37
3 57 22
3 58 4
3 59 53
3 60 7
3 61 18
3 62 36
3 63 73
4 0 83
4 1 1
4 2 29
4 3 80
4 5 29
4 6 51
4 7 92
4 8 10
4 9 27
4 10 39
4 11 13
4 12 38
4 13 23
4 14 32
4 15 59
4 16 68
4 17 86
4 18 22
4 19 66
4 20 52
4 21 67
4 22 13
4 23 77
4 24 39
4 25 21
4 26 53
4 27 80
4 28 61
4 29 45
4 30 15
4 31 1
4 32 58
4 33 25
4 34 81
4 35 29
4 36 88
4 37 80
4 38 94
4 39 10
4 40 77
4 41 88
4 42 30
4 43 61
4 44 56
4 45 56
4 46 3
4 47 63
4 48 59
4 49 5
4 50 4
4 51 44
4 52 82
4 53 50
4 54 92
4 55 7
4 56 70
4 57 90
4 58 63
4 59 99
4 60 54
4 61 95
4 62 81
4 63 57
5 0 41
5 1 76
5 2 77
5 3 90
5 4 65
5 6 26
5 7 19
5 8 53
5 9 28
5 10 34
5 11 29
5 12 88
5 13 59
5 14 11
5 15 15
5 16 98
5 17 5
5 18 50
5 19 17
5 20 4
5 21 2
5 22 36
5 23 85
5 24 15
5 25 49
5 26 17
5 27 53
5 28 76
5 29 15
5 30 3
5 31 61
5 32 88
5 33 15
5 34 48
5 35 92
5 36 44
5 37 93
5 38 92
5 39 74
5 40 66
5 41 14
5 42 24
5 43 21
5 44 49
5 45 14
5 46 46
5 47 76
5 48 48
5 49 21
5 50 14
5 51 98
5 52 54
5 53 36
5 54 24
5 55 73
5 56 85
5 57 5
5 58 38
5 59 5
5 60 46
5 61 82
5 62 1
5 63 9
6 0 47
6 1 35
6 2 68
6 3 82
6 4 94
6 5 9
6 7 20
6 8 82
6 9 73
6 10 5
6 11 85
6 12 36
6 13 59
6 14 3
6 15 37
6 16 7
6 17 69
6 18 5
6 19 24
6 20 41
6 21 76
6 22 8
6 23 90
6 24 69
6 25 44
6 26 7
6 27 96
6 28 90
6 29 68
6 30 38
6 31 7
6 32 87
6 33 88
6 34 43
6 35 48
6 36 46
6 37 55
6 38 92
6 39 21
6 40 25
6 41 34
6 42 13
6 43 14
6 44 21
6 45 59
6 46 70
6 47 52
6 48 18
6 49 74
6 50 39
6 51 78
6 52 56
6 53 34
6 54 94
6 55 87
6 56 56
6 57 84
6 58 44
6 59 7
6 60 6
6 61 69
6 62 38
6 63 62
7 0 94
7 1 12
7 2 39
7 3 87
7 4 49
7 5 25
7 6 50
7 8 26
7 9 61
7 10 35
7 11 32
7 12 23
7 13 43
7 14 26
7 15 13
7 16 48
7 17 90
7 18 52
7 19 9
7 20 7
7 21 47
7 22 12
7 23 76
7 24 76
7 25 68
7 26 8
7 27 32
7 28 60
7 29 48
7 30 8
7 31 52
7 32 90
7 33 19
7 34 58
7 35 61
7 36 96
7 37 61
7 38 84
7 39 64
7 40 86
7 41 49
7 42 93
7 43 7
7 44 80
7 45 16
7 46 98
7 47 93
7 48 88
7 49 91
7 50 11
7 51 61
7 52 64
7 53 20
7 54 63
7 55 39
7 56 76
7 57 83
7 58 9
7 59 43
7 60 26
7 61 85
7 62 63
7 63 34
8 0 82
8 1 27
8 2 98
8 3 1
8 4 46
8 5 33
8 6 6
8 7 28
8 9 83
8 10 13
8 11 96
8 12 27
8 13 97
8 14 48
8 15 21
8 16 58
8 17 92
8 18 23
8 19 47
8 20 66
8 21 33
8 22 19
8 23 98
8 24 84
8 25 43
8 26 44
8 27 60
8 28 62
8 29 10
8 30 82
8 31 43
8 32 23
8 33 6
8 34 50
8 35 69
8 36 40
8 37 45
8 38 86
8 39 14
8 40 31
8 41 73
8 42 31
8 43 60
8 44 41
8 45 35
8 46 19
8 47 30
8 48 13
8 49 7
8 50 88
8 51 29
8 52 27
8 53 71
8 54 74
8 55 90
8 56 63
8 57 75
8 58 12
8 59 44
8 60 61
8 61 13
8 62 35
8 63 33
9 0 58
9 1 40
9 2 24
9 3 29
9 4 7
9 5 37
9 6 33
9 7 41
9 8 58
9 10 48
9 11 37
9 12 20
9 13 100
9 14 37
9 15 82
9 16 48
9 17 97
9 18 8
9 19 71
9 20 24
9 21 100
9 22 63
9 23 89
9 24 7
9 25 50
9 26 31
9 27 33
9 28 98
9 29 15
9 30 31
9 31 33
9 32 52
9 33 26
9 34 29
9 35 43
9 36 39
9 37 69
9 38 24
9 39 22
9 40 32
9 41 16
9 42 32
9 43 64
9 44 37
9 45 28
9 46 80
9 47 83
9 48 12
9 49 89
9 50 9
9 51 65
9 52 33
9 53 37
9 54 16
9 55 48
9 56 73
9 57 25
9 58 100
9 59 37
9 60 87
9 61 21
9 62 68
9 63 46
10 0 43
10 1 37
10 2 73
10 3 33
10 4 58
10 5 38
10 6 20
10 7 6
10 8 57
10 9 91
10 11 89
10 12 97
10 13 30
10 14 13
10 15 58
10 16 19
10 17 27
10 18 47
10 19 19
10 20 7
10 21 60
10 22 73
10 23 70
10 24 47
10 25 46
10 26 95
10 27 59
10 28 62
10 29 5
10 30 61
10 31 84
10 32 42
10 33 89
10 34 11
10 35 32
10 36 59
10 37 81
10 38 14
10 39 23
10 40 36
10 41 64
10 42 15
10 43 67
10 44 60
10 45 46
10 46 25
10 47 89
10 48 12
10 49 36
10 50 65
10 51 11
10 52 47
10 53 4
10 54 11
10 55 30
10 56 48
10 57 27
10 58 23
10 59 95
10 60 99
10 61 96
10 62 77
10 63 62
11 0 17
11 1 48
11 2 7
11 3 65
11 4 52
11 5 93
11 6 41
11 7 14
11 8 82
11 9 41
11 10 80
11 12 67
11 13 30
11 14 37
11 15 58
11 16 41
11 17 3
11 18 30
11 19 52
11 20 18
11 21 36
11 22 78
11 23 57
11 24 36
11 25 63
11 26 94
11 27 6
11 28 16
11 29 64
11 30 98
11 31 81
11 32 101
11 33 67
11 34 21
11 35 66
11 36 85
11 37 65
11 38 41
11 39 94
11 40 85
11 41 75
11 42 18
11 43 57
11 44 26
11 45 66
11 46 75
11 47 96
11 48 99
11 49 87
11 50 67
11 51 46
11 52 55
11 53 47
11 54 45
11 55 60
11 56 43
11 57 62
11 58 56
11 59 55
11 60 19
11 61 101
11 62 25
11 63 80
12 0 31
12 1 70
12 2 39
12 3 79
12 4 44
12 5 47
12 6 50
12 7 92
12 8 85
12 9 79
12 10 84
12 11 49
12 13 38
12 14 72
12 15 86
12 16 8
12 17 30
12 18 52
12 19 27
12 20 42
12 21 63
12 22 9
12 23 91
12 24 93
12 25 39
12 26 101
12 27 41
12 28 11
12 29 56
12 30 96
12 31 57
12 32 36
12 33 67
12 34 100
12 35 74
12 36 86
12 37 43
12 38 52
12 39 39
12 40 34
12 41 97
12 42 83
12 43 28
12 44 72
12 45 91
12 46 80
12 47 11
12 48 69
12 49 5
12 50 68
12 51 87
12 52 55
12 53 86
12 54 81
12 55 14
12 56 47
12 57 79
12 58 81
12 59 99
12 60 89
12 61 42
12 62 30
12 63 69
13 0 44
13 1 64
13 2 67
13 3 84
13 4 97
13 5 66
13 6 64
13 7 88
13 8 63
13 9 39
13 10 20
13 11 19
13 12 53
13 14 33
13 15 62
13 16 96
13 17 96
13 18 19
13 19 77
13 20 22
13 21 1
13 22 62
13 23 35
13 24 41
13 25 58
13 26 45
13 27 30
13 28 34
13 29 35
13 30 83
13 31 50
13 32 75
13 33 35
13 34 20
13 35 78
13 36 68
13 37 36
13 38 38
13 39 52
13 40 8
13 41 44
13 42 84
13 43 16
13 44 91
13 45 59
13 46 67
13 47 65
13 48 93
13 49 16
13 50 50
13 51 23
13 52 34
13 53 6
13 54 50
13 55 81
13 56 72
13 57 55
13 58 41
13 59 10
13 60 67
13 61 23
13 62 27
13 63 65
14 0 2
14 1 10
14 2 92
14 3 26
14 4 65
14 5 13
14 6 10
14 7 47
14 8 51
14 9 87
14 10 14
14 11 51
14 12 66
14 13 48
14 15 58
14 16 68
14 17 2
14 18 68
14 19 43
14 20 1
14 21 98
14 22 38
14 23 72
14 24 101
14 25 40
14 26 33
14 27 98
14 28 46
14 29 11
14 30 68
14 31 44
14 32 73
14 33 92
14 34 95
14 35 37
14 36 4
14 37 59
14 38 19
14 39 70
14 40 50
14 41 36
14 42 73
14 43 95
14 44 61
14 45 3
14 46 48
14 47 80
14 48 70
14 49 36
14 50 8
14 51 11
14 52 35
14 53 43
14 54 65
14 55 85
14 56 17
14 57 15
14 58 54
14 59 11
14 60 88
14 61 87
14 62 58
14 63 28
15 0 100
15 1 17
15 2 15
15 3 83
15 4 40
15 5 23
15 6 48
15 7 69
15 8 55
15 9 7
15 10 24
15 11 70
15 12 51
15 13 66
15 14 56
15 16 76
15 17 96
15 18 95
15 19 61
15 20 71
15 21 74
15 22 52
15 23 42
15 24 81
15 25 85
15 26 10
15 27 68
15 28 7
15 29 85
15 30 46
15 31 32
15 32 22
15 33 80
15 34 39
15 35 8
15 36 22
15 37 61
15 38 83
15 39 41
15 40 93
15 41 4
15 42 8
15 43 83
15 44 94
15 45 44
15 46 14
15 47 68
15 48 56
15 49 37
15 50 87
15 51 84
15 52 95
15 53 20
15 54 87
15 55 16
15 56 5
15 57 7
15 58 27
15 59 64
15 60 30
15 61 100
15 62 39
15 63 57
16 0 77
16 1 50
16 2 70
16 3 52
16 4 30
16 5 84
16 6 99
16 7 58
16 8 35
16 9 72
16 10 92
16 11 28
16 12 76
16 13 50
16 14 28
16 15 29
16 17 3
16 18 7
16 19 58
16 20 60
16 21 94
16 22 82
16 23 41
16 24 59
16 25 5
16 26 75
16 27 24
16 28 44
16 29 48
16 30 35
16 31 90
16 32 49
16 33 22
16 34 72
16 35 80
16 36 13
16 37 4
16 38 24
16 39 90
16 40 74
16 41 12
16 42 60
16 43 44
16 44 8
16 45 55
16 46 56
16 47 53
16 48 12
16 49 23
16 50 27
16 51 57
16 52 16
16 53 23
16 54 44
16 55 16
16 56 28
16 57 100
16 58 34
16 59 7
16 60 21
16 61 97
16 62 94
16 63 3
17 0 12
17 1 76
17 2 78
17 3 15
17 4 39
17 5 41
17 6 38
17 7 66
17 8 100
17 9 96
17 10 30
17 11 45
17 12 8
17 13 2
17 14 48
17 15 67
17 16 17
17 18 100
17 19 35
17 20 15
17 21 66
17 22 15
17 23 72
17 24 20
17 25 48
17 26 76
17 27 79
17 28 47
17 29 45
17 30 39
17 31 59
17 32 5
17 33 2
17 34 66
17 35 48
17 36 49
17 37 53
17 38 20
17 39 82
17 40 93
17 41 25
17 42 72
17 43 60
17 44 41
17 45 28
17 46 47
17 47 58
17 48 77
17 49 1
17 50 95
17 51 25
17 52 63
17 53 76
17 54 32
17 55 36
17 56 100
17 57 20
17 58 13
17 59 63
17 60 19
17 61 46
17 62 54
17 63 100
18 0 93
18 1 14
18 2 88
18 3 2
18 4 52
18 5 89
18 6 30
18 7 101
18 8 81
18 9 95
18 10 23
18 11 18
18 12 55
18 13 100
18 14 17
18 15 26
18 16 41
18 17 29
18 19 56
18 20 101
18 21 64
18 22 62
18 23 46
18 24 61
18 25 85
18 26 54
18 27 30
18 28 46
18 29 75
18 30 17
18 31 44
18 32 5
18 33 17
18 34 2
18 35 80
18 36 25
18 37 93
18 38 45
18 39 9
18 40 45
18 41 101
18 42 100
18 43 43
18 44 70
18 45 13
18 46 23
18 47 28
18 48 3
18 49 9
18 50 52
18 51 63
18 52 64
18 53 73
18 54 101
18 55 52
18 56 5
18 57 68
18 58 27
18 59 50
18 60 55
18 61 28
18 62 5
18 63 80
19 0 39
19 1 97
19 2 14
19 3 26
19 4 15
19 5 60
19 6 65
19 7 11
19 8 4
19 9 18
19 10 100
19 11 64
19 12 3
19 13 99
19 14 26
19 15 69
19 16 64
19 17 99
19 18 6
19 20 88
19 21 24
19 22 23
19 23 79
19 24 90
19 25 56
19 26 6
19 27 69
19 28 3
19 29 79
19 30 78
19 31 39
19 32 55
19 33 24
19 34 43
19 35 57
19 36 86
19 37 52
19 38 10
19 39 44
19 40 4
19 41 71
19 42 64
19 43 70
19 44 20
19 45 87
19 46 33
19 47 51
19 48 36
19 49 53
19 50 83
19 51 43
19 52 89
19 53 35
19 54 38
19 55 56
19 56 6
19 57 58
19 58 48
19 59 65
19 60 50
19 61 83
19 62 43
19 63 79
20 0 79
20 1 45
20 2 24
20 3 89
20 4 45
20 5 98
20 6 44
20 7 57
20 8 85
20 9 30
20 10 15
20 11 68
20 12 30
20 13 43
20 14 80
20 15 66
20 16 79
20 17 55
20 18 15
20 19 80
20 21 23
20 22 48
20 23 67
20 24 61
20 25 34
20 26 65
20 27 81
20 28 99
20 29 21
20 30 50
20 31 39
20 32 86
20 33 87
20 34 84
20 35 41
20 36 31
20 37 94
20 38 20
20 39 97
20 40 12
20 41 21
20 42 71
20 43 13
20 44 35
20 45 5
20 46 56
20 47 72
20 48 3
20 49 76
20 50 88
20 51 76
20 52 77
20 53 92
20 54 6
20 55 42
20 56 6
20 57 99
20 58 11
20 59 10
20 60 98
20 61 93
20 62 48
20 63 58
21 0 27
21 1 76
21 2 75
21 3 42
21 4 9
21 5 31
21 6 37
21 7 71
21 8 38
21 9 27
21 10 25
21 11 5
21 12 14
21 13 88
21 14 100
21 15 71
21 16 18
21 17 35
21 18 22
21 19 35
21 20 40
21 22 99
21 23 47
21 24 70
21 25 31
21 26 46
21 27 16
21 28 63
21 29 29
21 30 83
21 31 19
21 32 97
21 33 94
21 34 68
21 35 87
21 36 48
21 37 16
21 38 91
21 39 90
21 40 78
21 41 81
21 42 48
21 43 31
21 44 1
21 45 96
21 46 3
21 47 89
21 48 40
21 49 78
21 50 16
21 51 27
21 52 57
21 53 49
21 54 44
21 55 39
21 56 37
21 57 74
21 58 3
21 59 7
21 60 6
21 61 101
21 62 76
21 63 97
22 0 89
22 1 54
22 2 99
22 3 28
22 4 15
22 5 3
22 6 96
22 7 39
22 8 14
22 9 38
22 10 87
22 11 18
22 12 68
22 13 86
22 14 52
22 15 60
22 16 56
22 17 69
22 18 82
22 19 36
22 20 10
22 21 4
22 23 41
22 24 43
22 25 47
22 26 57
22 27 57
22 28 73
22 29 8
22 30 94
22 31 62
22 32 46
22 33 82
22 34 26
22 35 28
22 36 84
22 37 17
22 38 95
22 39 32
22 40 94
22 41 57
22 42 15
22 43 40
22 44 25
22 45 40
22 46 8
22 47 11
22 48 75
22 49 29
22 50 39
22 51 73
22 52 43
22 53 23
22 54 12
22 55 56
22 56 99
22 57 84
22 58 11
22 59 59
22 60 34
22 61 7
22 62 27
22 63 15
23 0 31
23 1 18
23 2 76
23 3 77
23 4 63
23 5 50
23 6 25
23 7 60
23 8 48
23 9 91
23 10 3
23 11 72
23 12 33
23 13 62
23 14 21
23 15 75
23 16 48
23 17 67
23 18 55
23 19 6
23 20 24
23 21 44
23 22 80
23 24 69
23 25 27
23 26 93
23 27 16
23 28 57
23 29 49
23 30 17
23 31 34
23 32 88
23 33 6
23 34 63
23 35 41
23 36 92
23 37 91
23 38 66
23 39 6
23 40 32
23 41 63
23 42 52
23 43 85
23 44 4
23 45 31
23 46 46
23 47 62
23 48 8
23 49 2
23 50 48
23 51 89
23 52 4
23 53 78
23 54 42
23 55 44
23 56 70
23 57 75
23 58 96
23 59 64
23 60 54
23 61 35
23 62 50
23 63 75
24 0 31
24 1 31
24 2 35
24 3 83
24 4 27
24 5 7
24 6 30
24 7 16
24 8 53
24 9 58
24 10 4
24 11 64
24 12 39
24 13 5
24 14 69
24 15 21
24 16 35
24 17 44
24 18 28
24 19 31
24 20 36
24 21 95
24 22 27
24 23 27
24 25 73
24 26 67
24 27 22
24 28 60
24 29 84
24 30 22
24 31 71
24 32 69
24 33 43
24 34 11
24 35 83
24 36 55
24 37 66
24 38 4
24 39 6
24 40 12
24 41 53
24 42 36
24 43 36
24 44 24
24 45 97
24 46 48
24 47 79
24 48 36
24 49 46
24 50 69
24 51 69
24 52 27
24 53 1
24 54 54
24 55 93
24 56 8
24 57 52
24 58 97
24 59 76
24 60 33
24 61 21
24 62 28
24 63 72
25 0 52
25 1 40
25 2 66
25 3 72
25 4 8
25 5 48
25 6 80
25 7 61
25 8 74
25 9 96
25 10 31
25 11 84
25 12 2
25 13 88
25 14 101
25 15 35
25 16 11
25 17 31
25 18 93
25 19 95
25 20 36
25 21 24
25 22 44
25 23 86
25 24 31
25 26 12
25 27 29
25 28 12
25 29 84
25 30 12
25 31 56
25 32 75
25 33 60
25 34 52
25 35 18
25 36 2
25 37 8
25 38 36
25 39 18
25 40 98
25 41 63
25 42 99
25 43 78
25 44 81
25 45 101
25 46 5
25 47 10
25 48 79
25 49 68
25 50 41
25 51 101
25 52 68
25 53 20
25 54 78
25 55 100
25 56 3
25 57 25
25 58 78
25 59 45
25 60 59
25 61 47
25 62 28
25 63 22
26 0 56
26 1 40
26 2 44
26 3 11
26 4 52
26 5 92
26 6 5
26 7 1
26 8 11
26 9 16
26 10 95
26 11 12
26 12 27
26 13 13
26 14 47
26 15 24
26 16 10
26 17 10
26 18 70
26 19 28
26 20 95
26 21 55
26 22 40
26 23 80
26 24 12
26 25 62
26 27 5
26 28 93
26 29 43
26 30 89
26 31 48
26 32 6
26 33 99
26 34 78
26 35 67
26 36 49
26 37 40
26 38 32
26 39 51
26 40 36
26 41 76
26 42 60
26 43 2
26 44 93
26 45 93
26 46 83
26 47 50
26 48 1
26 49 14
26 50 22
26 51 64
26 52 65
26 53 59
26 54 66
26 55 60
26 56 55
26 57 95
26 58 32
26 59 29
26 60 74
26 61 55
26 62 22
26 63 66
27 0 28
27 1 68
27 2 62
27 3 23
27 4 63
27 5 22
27 6 46
27 7 28
27 8 13
27 9 48
27 10 48
27 11 34
27 12 46
27 13 37
27 14 76
27 15 70
27 16 45
27 17 89
27 18 92
27 19 58
27 20 83
27 21 68
27 22 90
27 23 64
27 24 30
27 25 15
27 26 45
27 28 19
27 29 60
27 30 35
27 31 49
27 32 17
27 33 46
27 34 15
27 35 64
27 36 67
27 37 3
27 38 8
27 39 13
27 40 14
27 41 89
27 42 2
27 43 26
27 44 20
27 45 42
27 46 59
27 47 98
27 48 65
27 49 74
27 50 16
27 51 51
27 52 30
27 53 89
27 54 42
27 55 60
27 56 77
27 57 91
27 58 21
27 59 56
27 60 80
27 61 19
27 62 83
27 63 29
28 0 41
28 1 82
28 2 101
28 3 47
28 4 24
28 5 56
28 6 1
28 7 24
28 8 96
28 9 92
28 10 85
28 11 25
28 12 64
28 13 90
28 14 67
28 15 13
28 16 21
28 17 2
28 18 49
28 19 53
28 20 92
28 21 5
28 22 8
28 23 21
28 24 75
28 25 66
28 26 55
28 27 21
28 29 59
28 30 82
28 31 95
28 32 75
28 33 55
28 34 74
28 35 45
28 36 101
28 37 40
28 38 80
28 39 64
28 40 59
28 41 79
28 42 52
28 43 101
28 44 70
28 45 17
28 46 59
28 47 83
28 48 8
28 49 93
28 50 61
28 51 22
28 52 63
28 53 92
28 54 73
28 55 40
28 56 61
28 57 55
28 58 27
28 59 8
28 60 73
28 61 90
28 62 20
28 63 19
29 0 64
29 1 67
29 2 50
29 3 9
29 4 97
29 5 52
29 6 77
29 7 14
29 8 81
29 9 29
29 10 63
29 11 15
29 12 22
29 13 90
29 14 31
29 15 59
29 16 64
29 17 71
29 18 28
29 19 97
29 20 81
29 21 51
29 22 78
29 23 3
29 24 75
29 25 40
29 26 8
29 27 85
29 28 18
29 30 58
29 31 64
29 32 51
29 33 84
29 34 99
29 35 32
29 36 93
29 37 76
29 38 83
29 39 83
29 40 38
29 41 65
29 42 34
29 43 58
29 44 96
29 45 47
29 46 65
29 47 66
29 48 29
29 49 67
29 50 76
29 51 97
29 52 16
29 53 87
29 54 24
29 55 7
29 56 40
29 57 53
29 58 1
29 59 46
29 60 98
29 61 75
29 62 92
29 63 30
30 0 33
30 1 3
30 2 50
30 3 57
30 4 60
30 5 50
30 6 63
30 7 82
30 8 36
30 9 42
30 10 85
30 11 20
30 12 59
30 13 98
30 14 66
30 15 3
30 16 84
30 17 40
30 18 80
30 19 60
30 20 2
30 21 13
30 22 84
30 23 27
30 24 74
30 25 90
30 26 9
30 27 52
30 28 91
30 29 11
30 31 74
30 32 88
30 33 99
30 34 60
30 35 75
30 36 27
30 37 92
30 38 45
30 39 81
30 40 48
30 41 85
30 42 78
30 43 97
30 44 14
30 45 61
30 46 33
30 47 24
30 48 86
30 49 62
30 50 92
30 51 45
30 52 25
30 53 66
30 54 39
30 55 24
30 56 88
30 57 35
30 58 19
30 59 4
30 60 6
30 61 83
30 62 37
30 63 87
31 0 37
31 1 27
31 2 81
31 3 89
31 4 91
31 5 62
31 6 49
31 7 49
31 8 10
31 9 33
31 10 68
31 11 40
31 12 40
31 13 100
31 14 57
31 15 86
31 16 1
31 17 82
31 18 1
31 19 96
31 20 55
31 21 45
31 22 11
31 23 2
31 24 46
31 25 19
31 26 79
31 27 2
31 28 76
31 29 35
31 30 93
31 32 73
31 33 25
31 34 36
31 35 24
31 36 97
31 37 36
31 38 39
31 39 2
31 40 7
31 41 49
31 42 16
31 43 64
31 44 3
31 45 18
31 46 50
31 47 83
31 48 41
31 49 62
31 50 84
31 51 22
31 52 11
31 53 23
31 54 71
31 55 90
31 56 93
31 57 29
31 58 63
31 59 98
31 60 14
31 61 61
31 62 53
31 63 85
32 0 30
32 1 77
32 2 84
32 3 46
32 4 55
32 5 23
32 6 12
32 7 4
32 8 36
32 9 3
32 10 101
32 11 21
32 12 86
32 13 96
32 14 24
32 15 21
32 16 73
32 17 97
32 18 5
32 19 15
32 20 42
32 21 9
32 22 52
32 23 18
32 24 72
32 25 4
32 26 51
32 27 101
32 28 101
32 29 62
32 30 97
32 31 33
32 33 23
32 34 54
32 35 9
32 36 96
32 37 46
32 38 29
32 39 43
32 40 43
32 41 11
32 42 19
32 43 47
32 44 74
32 45 101
32 46 74
32 47 46
32 48 98
32 49 37
32 50 74
32 51 81
32 52 96
32 53 57
32 54 9
32 55 95
32 56 23
32 57 30
32 58 87
32 59 46
32 60 54
32 61 40
32 62 74
32 63 34
33 0 54
33 1 26
33 2 46
33 3 97
33 4 32
33 5 91
33 6 26
33 7 39
33 8 61
33 9 70
33 10 14
33 11 5
33 12 31
33 13 19
33 14 71
33 15 68
33 16 92
33 17 66
33 18 52
33 19 59
33 20 24
33 21 7
33 22 73
33 23 37
33 24 30
33 25 1
33 26 67
33 27 40
33 28 19
33 29 37
33 30 7
33 31 7
33 32 53
33 34 86
33 35 73
33 36 51
33 37 64
33 38 72
33 39 83
33 40 59
33 41 29
33 42 7
33 43 66
33 44 32
33 45 5
33 46 32
33 47 1
33 48 95
33 49 96
33 50 97
33 51 48
33 52 59
33 53 2
33 54 25
33 55 65
33 56 12
33 57 12
33 58 25
33 59 64
33 60 36
33 61 45
33 62 39
33 63 31
34 0 28
34 1 62
34 2 14
34 3 23
34 4 19
34 5 20
34 6 98
34 7 86
34 8 37
34 9 65
34 10 4
34 11 30
34 12 28
34 13 58
34 14 32
34 15 83
34 16 50
34 17 14
34 18 19
34 19 39
34 20 37
34 21 11
34 22 36
34 23 60
34 24 43
34 25 60
34 26 32
34 27 6
34 28 52
34 29 74
34 30 90
34 31 43
34 32 97
34 33 83
34 35 3
34 36 15
34 37 19
34 38 45
34 39 76
34 40 96
34 41 32
34 42 56
34 43 67
34 44 82
34 45 10
34 46 74
34 47 34
34 48 65
34 49 51
34 50 71
34 51 61
34 52 79
34 53 88
34 54 59
34 55 10
34 56 46
34 57 47
34 58 76
34 59 47
34 60 33
34 61 51
34 62 83
34 63 4
35 0 63
35 1 52
35 2 71
35 3 65
35 4 80
35 5 3
35 6 9
35 7 25
35 8 17
35 9 9
35 10 26
35 11 1
35 12 83
35 13 101
35 14 61
35 15 2
35 16 91
35 17 19
35 18 49
35 19 85
35 20 53
35 21 67
35 22 65
35 23 22
35 24 72
35 25 84
35 26 100
35 27 31
35 28 24
35 29 93
35 30 42
35 31 68
35 32 50
35 33 32
35 34 31
35 36 95
35 37 71
35 38 42
35 39 58
35 40 2
35 41 3
35 42 35
35 43 15
35 44 9
35 45 68
35 46 43
35 47 74
35 48 23
35 49 75
35 50 14
35 51 60
35 52 18
35 53 42
35 54 39
35 55 68
35 56 50
35 57 2
35 58 11
35 59 49
35 60 34
35 61 52
35 62 16
35 63 3
36 0 60
36 1 52
36 2 81
36 3 53
36 4 66
36 5 100
36 6 36
36 7 76
36 8 63
36 9 82
36 10 10
36 11 89
36 12 10
36 13 68
36 14 47
36 15 63
36 16 85
36 17 13
36 18 91
36 19 30
36 20 7
36 21 28
36 22 51
36 23 48
36 24 95
36 25 10
36 26 83
36 27 93
36 28 82
36 29 62
36 30 44
36 31 8
36 32 5
36 33 70
36 34 58
36 35 52
36 37 40
36 38 95
36 39 53
36 40 82
36 41 36
36 42 99
36 43 14
36 44 68
36 45 90
36 46 44
36 47 53
36 48 47
36 49 90
36 50 13
36 51 77
36 52 13
36 53 93
36 54 9
36 55 30
36 56 89
36 57 16
36 58 89
36 59 50
36 60 46
36 61 85
36 62 75
36 63 7
37 0 28
37 1 49
37 2 55
37 3 91
37 4 56
37 5 13
37 6 89
37 7 86
37 8 43
37 9 34
37 10 1
37 11 87
37 12 91
37 13 67
37 14 59
37 15 26
37 16 15
37 17 99
37 18 48
37 19 87
37 20 35
37 21 12
37 22 54
37 23 4
37 24 56
37 25 11
37 26 89
37 27 12
37 28 93
37 29 73
37 30 16
37 31 7
37 32 24
37 33 52
37 34 27
37 35 37
37 36 4
37 38 77
37 39 27
37 40 38
37 41 24
37 42 84
37 43 38
37 44 24
37 45 98
37 46 94
37 47 64
37 48 71
37 49 47
37 50 85
37 51 43
37 52 53
37 53 55
37 54 34
37 55 67
37 56 58
37 57 1
37 58 1
37 59 84
37 60 76
37 61 29
37 62 50
37 63 71
38 0 89
38 1 33
38 2 23
38 3 17
38 4 92
38 5 72
38 6 6
38 7 100
38 8 38
38 9 47
38 10 81
38 11 78
38 12 13
38 13 35
38 14 79
38 15 20
38 16 73
38 17 65
38 18 24
38 19 80
38 20 80
38 21 52
38 22 101
38 23 91
38 24 97
38 25 93
38 26 52
38 27 55
38 28 40
38 29 35
38 30 88
38 31 58
38 32 46
38 33 81
38 34 63
38 35 39
38 36 92
38 37 26
38 39 85
38 40 6
38 41 71
38 42 89
38 43 71
38 44 67
38 45 73
38 46 91
38 47 27
38 48 36
38 49 68
38 50 4
38 51 11
38 52 28
38 53 31
38 54 48
38 55 13
38 56 26
38 57 50
38 58 70
38 59 16
38 60 6
38 61 16
38 62 71
38 63 23
39 0 40
39 1 54
39 2 14
39 3 38
39 4 84
39 5 76
39 6 99
39 7 33
39 8 38
39 9 40
39 10 99
39 11 56
39 12 101
39 13 38
39 14 51
39 15 20
39 16 30
39 17 34
39 18 17
39 19 90
39 20 3
39 21 32
39 22 40
39 23 34
39 24 83
39 25 93
39 26 26
39 27 3
39 28 1
39 29 64
39 30 98
39 31 100
39 32 46
39 33 19
39 34 70
39 35 88
39 36 36
39 37 43
39 38 93
39 40 84
39 41 88
39 42 55
39 43 38
39 44 28
39 45 28
39 46 59
39 47 89
39 48 4
39 49 32
39 50 4
39 51 94
39 52 18
39 53 48
39 54 7
39 55 67
39 56 9
39 57 46
39 58 95
39 59 11
39 60 73
39 61 27
39 62 51
39 63 22
40 0 27
40 1 29
40 2 66
40 3 51
40 4 38
40 5 21
40 6 56
40 7 6
40 8 64
40 9 85
40 10 39
40 11 53
40 12 19
40 13 73
40 14 24
40 15 64
40 16 19
40 17 88
40 18 14
40 19 7
40 20 60
40 21 36
40 22 35
40 23 99
40 24 29
40 25 79
40 26 93
40 27 62
40 28 53
40 29 83
40 30 52
40 31 70
40 32 60
40 33 43
40 34 32
40 35 49
40 36 63
40 37 74
40 38 54
40 39 87
40 41 16
40 42 56
40 43 67
40 44 62
40 45 87
40 46 84
40 47 15
40 48 63
40 49 40
40 50 9
40 51 65
40 52 98
40 53 89
40 54 10
40 55 30
40 56 53
40 57 100
40 58 43
40 59 89
40 60 59
40 61 82
40 62 89
40 63 51
41 0 78
41 1 11
41 2 46
41 3 2
41 4 74
41 5 50
41 6 30
41 7 3
41 8 5
41 9 38
41 10 8
41 11 24
41 12 75
41 13 19
41 14 16
41 15 83
41 16 56
41 17 50
41 18 34
41 19 14
41 20 60
41 21 31
41 22 32
41 23 51
41 24 32
41 25 48
41 26 44
41 27 75
41 28 3
41 29 80
41 30 30
41 31 89
41 32 17
41 33 86
41 34 29
41 35 67
41 36 13
41 37 4
41 38 50
41 39 66
41 40 63
41 42 46
41 43 41
41 44 94
41 45 38
41 46 66
41 47 25
41 48 47
41 49 77
41 50 40
41 51 22
41 52 100
41 53 75
41 54 29
41 55 69
41 56 36
41 57 90
41 58 51
41 59 8
41 60 76
41 61 27
41 62 38
41 63 17
42 0 21
42 1 39
42 2 37
42 3 74
42 4 91
42 5 27
42 6 74
42 7 60
42 8 92
42 9 10
42 10 63
42 11 81
42 12 65
42 13 101
42 14 93
42 15 96
42 16 23
42 17 35
42 18 24
42 19 66
42 20 71
42 21 55
42 22 21
42 23 100
42 24 54
42 25 18
42 26 87
42 27 76
42 28 31
42 29 20
42 30 44
42 31 73
42 32 11
42 33 45
42 34 55
42 35 22
42 36 29
42 37 52
42 38 95
42 39 21
42 40 43
42 41 10
42 43 41
42 44 38
42 45 73
42 46 5
42 47 63
42 48 92
42 49 74
42 50 50
42 51 93
42 52 38
42 53 67
42 54 21
42 55 62
42 56 42
42 57 95
42 58 64
42 59 12
42 60 25
42 61 86
42 62 83
42 63 15
43 0 43
43 1 42
43 2 83
43 3 72
43 4 90
43 5 50
43 6 39
43 7 71
43 8 26
43 9 37
43 10 6
43 11 95
43 12 95
43 13 55
43 14 8
43 15 47
43 16 30
43 17 87
43 18 2
43 19 79
43 20 52
43 21 100
43 22 100
43 23 56
43 24 17
43 25 70
43 26 67
43 27 68
43 28 21
43 29 15
43 30 12
43 31 78
43 32 42
43 33 53
43 34 67
43 35 97
43 36 89
43 37 90
43 38 19
43 39 73
43 40 15
43 41 13
43 42 25
43 44 70
43 45 15
43 46 37
43 47 22
43 48 46
43 49 85
43 50 72
43 51 27
43 52 59
43 53 56
43 54 75
43 55 43
43 56 17
43 57 23
43 58 50
43 59 28
43 60 3
43 61 84
43 62 77
43 63 3
44 0 53
44 1 10
44 2 7
44 3 24
44 4 76
44 5 81
44 6 33
44 7 85
44 8 60
44 9 25
44 10 35
44 11 11
44 12 34
44 13 78
44 14 49
44 15 81
44 16 57
44 17 8
44 18 92
44 19 12
44 20 70
44 21 48
44 22 34
44 23 86
44 24 64
44 25 48
44 26 17
44 27 94
44 28 31
44 29 90
44 30 77
44 31 79
44 32 78
44 33 101
44 34 80
44 35 68
44 36 77
44 37 61
44 38 18
44 39 2
44 40 30
44 41 52
44 42 5
44 43 69
44 45 91
44 46 37
44 47 52
44 48 36
44 49 44
44 50 86
44 51 9
44 52 41
44 53 61
44 54 17
44 55 18
44 56 12
44 57 20
44 58 99
44 59 55
44 60 73
44 61 5
44 62 94
44 63 75
45 0 47
45 1 49
45 2 96
45 3 69
45 4 88
45 5 97
45 6 56
45 7 67
45 8 52
45 9 101
45 10 52
45 11 9
45 12 48
45 13 19
45 14 8
45 15 7
45 16 72
45 17 52
45 18 6
45 19 69
45 20 43
45 21 61
45 22 12
45 23 65
45 24 62
45 25 66
45 26 57
45 27 47
45 28 79
45 29 23
45 30 74
45 31 4
45 32 79
45 33 91
45 34 45
45 35 36
45 36 75
45 37 96
45 38 55
45 39 33
45 40 82
45 41 97
45 42 54
45 43 91
45 44 38
45 46 41
45 47 77
45 48 57
45 49 49
45 50 35
45 51 68
45 52 93
45 53 81
45 54 77
45 55 27
45 56 20
45 57 43
45 58 86
45 59 64
45 60 18
45 61 90
45 62 53
45 63 5
46 0 18
46 1 15
46 2 50
46 3 26
46 4 71
46 5 66
46 6 57
46 7 64
46 8 92
46 9 4
46 10 89
46 11 11
46 12 42
46 13 3
46 14 9
46 15 32
46 16 35
46 17 71
46 18 10
46 19 101
46 20 9
46 21 59
46 22 15
46 23 22
46 24 84
46 25 95
46 26 65
46 27 24
46 28 86
46 29 39
46 30 87
46 31 58
46 32 66
46 33 100
46 34 11
46 35 33
46 36 80
46 37 15
46 38 73
46 39 83
46 40 34
46 41 100
46 42 32
46 43 64
46 44 27
46 45 28
46 47 27
46 48 30
46 49 5
46 50 81
46 51 41
46 52 17
46 53 4
46 54 55
46 55 27
46 56 64
46 57 75
46 58 49
46 59 2
46 60 38
46 61 44
46 62 33
46 63 21
47 0 19
47 1 91
47 2 24
47 3 43
47 4 91
47 5 98
47 6 89
47 7 48
47 8 10
47 9 4
47 10 54
47 11 47
47 12 38
47 13 23
47 14 99
47 15 83
47 16 77
47 17 20
47 18 72
47 19 43
47 20 88
47 21 98
47 22 79
47 23 85
47 24 91
47 25 22
47 26 38
47 27 40
47 28 62
47 29 73
47 30 87
47 31 56
47 32 41
47 33 51
47 34 22
47 35 67
47 36 92
47 37 28
47 38 87
47 39 41
47 40 71
47 41 48
47 42 23
47 43 17
47 44 62
47 45 95
47 46 1
47 48 19
47 49 35
47 50 7
47 51 37
47 52 15
47 53 43
47 54 44
47 55 57
47 56 70
47 57 101
47 58 87
47 59 12
47 60 32
47 61 82
47 62 69
47 63 92
48 0 23
48 1 8
48 2 70
48 3 64
48 4 45
48 5 58
48 6 8
48 7 88
48 8 17
48 9 70
48 10 96
48 11 19
48 12 14
48 13 11
48 14 87
48 15 53
48 16 22
48 17 67
48 18 78
48 19 34
48 20 94
48 21 96
48 22 58
48 23 39
48 24 1
48 25 77
48 26 94
48 27 96
48 28 29
48 29 30
48 30 3
48 31 1
48 32 41
48 33 45
48 34 8
48 35 89
48 36 8
48 37 33
48 38 96
48 39 22
48 40 37
48 41 72
48 42 65
48 43 16
48 44 47
48 45 79
48 46 41
48 47 50
48 49 36
48 50 84
48 51 67
48 52 76
48 53 34
48 54 96
48 55 69
48 56 33
48 57 84
48 58 16
48 59 10
48 60 51
48 61 94
48 62 9
48 63 5
49 0 51
49 1 92
49 2 28
49 3 62
49 4 66
49 5 93
49 6 92
49 7 83
49 8 65
49 9 61
49 10 4
49 11 93
49 12 95
49 13 35
49 14 67
49 15 51
49 16 48
49 17 7
49 18 40
49 19 89
49 20 51
49 21 20
49 22 1
49 23 93
49 24 62
49 25 71
49 26 7
49 27 30
49 28 88
49 29 30
49 30 53
49 31 68
49 32 92
49 33 24
49 34 39
49 35 89
49 36 65
49 37 7
49 38 76
49 39 35
49 40 57
49 41 89
49 42 86
49 43 85
49 44 97
49 45 13
49 46 11
49 47 18
49 48 63
49 50 43
49 51 39
49 52 27
49 53 68
49 54 89
49 55 84
49 56 35
49 57 48
49 58 69
49 59 13
49 60 94
49 61 80
49 62 56
49 63 5
50 0 83
50 1 59
50 2 79
50 3 34
50 4 48
50 5 70
50 6 33
50 7 65
50 8 56
50 9 54
50 10 14
50 11 79
50 12 100
50 13 15
50 14 52
50 15 18
50 16 62
50 17 96
50 18 6
50 19 66
50 20 41
50 21 17
50 22 92
50 23 47
50 24 20
50 25 19
50 26 57
50 27 92
50 28 27
50 29 17
50 30 83
50 31 31
50 32 95
50 33 62
50 34 46
50 35 45
50 36 85
50 37 5
50 38 38
50 39 55
50 40 77
50 41 92
50 42 10
50 43 70
50 44 52
50 45 7
50 46 7
50 47 41
50 48 26
50 49 90
50 51 33
50 52 53
50 53 6
50 54 69
50 55 73
50 56 85
50 57 39
50 58 46
50 59 30
50 60 34
50 61 15
50 62 81
50 63 30
51 0 44
51 1 87
51 2 94
51 3 38
51 4 98
51 5 18
51 6 92
51 7 18
51 8 79
51 9 66
51 10 89
51 11 40
51 12 74
51 13 39
51 14 25
51 15 97
51 16 68
51 17 32
51 18 3
51 19 67
51 20 57
51 21 70
51 22 90
51 23 76
51 24 53
51 25 23
51 26 98
51 27 76
51 28 33
51 29 84
51 30 36
51 31 63
51 32 64
51 33 87
51 34 77
51 35 99
51 36 62
51 37 72
51 38 24
51 39 73
51 40 39
51 41 73
51 42 59
51 43 89
51 44 60
51 45 100
51 46 82
51 47 99
51 48 46
51 49 48
51 50 11
51 52 27
51 53 77
51 54 41
51 55 82
51 56 75
51 57 69
51 58 53
51 59 24
51 60 68
51 61 74
51 62 27
51 63 65
52 0 56
52 1 101
52 2 101
52 3 24
52 4 23
52 5 22
52 6 17
52 7 82
52 8 90
52 9 74
52 10 88
52 11 67
52 12 23
52 13 5
52 14 91
52 15 37
52 16 78
52 17 25
52 18 82
52 19 38
52 20 1
52 21 85
52 22 99
52 23 56
52 24 30
52 25 37
52 26 79
52 27 67
52 28 88
52 29 48
52 30 41
52 31 7
52 32 75
52 33 57
52 34 67
52 35 30
52 36 17
52 37 77
52 38 49
52 39 54
52 40 72
52 41 46
52 42 34
52 43 89
52 44 78
52 45 79
52 46 91
52 47 6
52 48 33
52 49 21
52 50 101
52 51 101
52 53 58
52 54 84
52 55 27
52 56 20
52 57 70
52 58 4
52 59 74
52 60 91
52 61 73
52 62 99
52 63 95
53 0 41
53 1 97
53 2 66
53 3 44
53 4 84
53 5 72
53 6 58
53 7 83
53 8 98
53 9 74
53 10 52
53 11 79
53 12 17
53 13 60
53 14 38
53 15 31
53 16 2
53 17 76
53 18 20
53 19 79
53 20 93
53 21 87
53 22 99
53 23 79
53 24 101
53 25 95
53 26 29
53 27 9
53 28 41
53 29 87
53 30 82
53 31 22
53 32 76
53 33 39
53 34 43
53 35 14
53 36 8
53 37 67
53 38 82
53 39 79
53 40 16
53 41 75
53 42 62
53 43 73
53 44 76
53 45 87
53 46 61
53 47 53
53 48 91
53 49 23
53 50 90
53 51 65
53 52 87
53 54 64
53 55 79
53 56 58
53 57 80
53 58 9
53 59 85
53 60 58
53 61 33
53 62 14
53 63 61
54 0 38
54 1 80
54 2 27
54 3 68
54 4 18
54 5 27
54 6 101
54 7 18
54 8 88
54 9 67
54 10 70
54 11 83
54 12 15
54 13 67
54 14 44
54 15 100
54 16 81
54 17 79
54 18 29
54 19 23
54 20 79
54 21 54
54 22 46
54 23 39
54 24 33
54 25 69
54 26 79
54 27 84
54 28 16
54 29 50
54 30 88
54 31 21
54 32 79
54 33 29
54 34 82
54 35 96
54 36 9
54 37 54
54 38 37
54 39 90
54 40 28
54 41 87
54 42 90
54 43 49
54 44 42
54 45 42
54 46 71
54 47 59
54 48 29
54 49 28
54 50 32
54 51 17
54 52 31
54 53 26
54 55 80
54 56 15
54 57 69
54 58 98
54 59 10
54 60 32
54 61 61
54 62 87
54 63 30
55 0 12
55 1 72
55 2 80
55 3 26
55 4 83
55 5 40
55 6 3
55 7 93
55 8 94
55 9 79
55 10 52
55 11 42
55 12 29
55 13 38
55 14 101
55 15 67
55 16 100
55 17 34
55 18 90
55 19 29
55 20 55
55 21 69
55 22 65
55 23 46
55 24 53
55 25 93
55 26 34
55 27 56
55 28 99
55 29 22
55 30 100
55 31 24
55 32 14
55 33 24
55 34 67
55 35 30
55 36 47
55 37 69
55 38 34
55 39 30
55 40 49
55 41 8
55 42 57
55 43 83
55 44 71
55 45 78
55 46 6
55 47 25
55 48 67
55 49 7
55 50 65
55 51 74
55 52 34
55 53 42
55 54 68
55 56 24
55 57 14
55 58 73
55 59 23
55 60 47
55 61 22
55 62 86
55 63 97
56 0 17
56 1 25
56 2 44
56 3 30
56 4 66
56 5 50
56 6 89
56 7 15
56 8 93
56 9 69
56 10 19
56 11 17
56 12 8
56 13 56
56 14 89
56 15 34
56 16 97
56 17 43
56 18 12
56 19 94
56 20 6
56 21 6
56 22 4
56 23 92
56 24 83
56 25 12
56 26 38
56 27 61
56 28 50
56 29 31
56 30 15
56 31 40
56 32 33
56 33 84
56 34 79
56 35 63
56 36 101
56 37 101
56 38 92
56 39 8
56 40 52
56 41 60
56 42 19
56 43 4
56 44 74
56 45 99
56 46 38
56 47 45
56 48 69
56 49 29
56 50 71
56 51 64
56 52 97
56 53 46
56 54 28
56 55 11
56 57 94
56 58 74
56 59 6
56 60 82
56 61 44
56 62 98
56 63 12
57 0 85
57 1 24
57 2 1
57 3 83
57 4 83
57 5 2
57 6 90
57 7 43
57 8 90
57 9 92
57 10 39
57 11 26
57 12 96
57 13 35
57 14 49
57 15 51
57 16 75
57 17 78
57 18 46
57 19 93
57 20 50
57 21 24
57 22 51
57 23 52
57 24 89
57 25 75
57 26 24
57 27 46
57 28 76
57 29 30
57 30 10
57 31 84
57 32 31
57 33 45
57 34 40
57 35 10
57 36 34
57 37 86
57 38 48
57 39 97
57 40 87
57 41 3
57 42 90
57 43 85
57 44 57
57 45 20
57 46 35
57 47 45
57 48 62
57 49 41
57 50 64
57 51 30
57 52 73
57 53 76
57 54 52
57 55 50
57 56 82
57 58 52
57 59 93
57 60 65
57 61 36
57 62 61
57 63 80
58 0 48
58 1 14
58 2 42
58 3 93
58 4 30
58 5 11
58 6 67
58 7 21
58 8 22
58 9 42
58 10 22
58 11 25
58 12 16
58 13 50
58 14 21
58 15 27
58 16 95
58 17 89
58 18 18
58 19 53
58 20 57
58 21 85
58 22 69
58 23 64
58 24 29
58 25 66
58 26 54
58 27 52
58 28 18
58 29 25
58 30 98
58 31 57
58 32 61
58 33 7
58 34 81
58 35 3
58 36 70
58 37 4
58 38 53
58 39 85
58 40 66
58 41 3
58 42 72
58 43 91
58 44 96
58 45 58
58 46 13
58 47 23
58 48 23
58 49 53
58 50 93
58 51 70
58 52 72
58 53 86
58 54 5
58 55 55
58 56 43
58 57 90
58 59 21
58 60 78
58 61 47
58 62 62
58 63 89
59 0 90
59 1 64
59 2 58
59 3 91
59 4 11
59 5 84
59 6 80
59 7 56
59 8 72
59 9 29
59 10 39
59 11 47
59 12 87
59 13 42
59 14 43
59 15 97
59 16 64
59 17 11
59 18 66
59 19 81
59 20 50
59 21 28
59 22 55
59 23 40
59 24 37
59 25 45
59 26 52
59 27 55
59 28 29
59 29 35
59 30 47
59 31 80
59 32 95
59 33 64
59 34 44
59 35 36
59 36 13
59 37 41
59 38 72
59 39 27
59 40 27
59 41 81
59 42 78
59 43 17
59 44 11
59 45 51
59 46 29
59 47 66
59 48 68
59 49 43
59 50 70
59 51 70
59 52 48
59 53 92
59 54 14
59 55 88
59 56 87
59 57 53
59 58 101
59 60 73
59 61 65
59 62 97
59 63 1
60 0 39
60 1 60
60 2 34
60 3 61
60 4 14
60 5 54
60 6 44
60 7 10
60 8 23
60 9 97
60 10 86
60 11 71
60 12 51
60 13 40
60 14 34
60 15 2
60 16 5
60 17 98
60 18 60
60 19 87
60 20 72
60 21 82
60 22 13
60 23 13
60 24 40
60 25 90
60 26 43
60 27 62
60 28 5
60 29 74
60 30 86
60 31 35
60 32 18
60 33 70
60 34 37
60 35 23
60 36 75
60 37 47
60 38 72
60 39 71
60 40 87
60 41 26
60 42 66
60 43 82
60 44 71
60 45 15
60 46 99
60 47 43
60 48 3
60 49 46
60 50 60
60 51 88
60 52 11
60 53 16
60 54 41
60 55 46
60 56 23
60 57 12
60 58 76
60 59 95
60 61 13
60 62 34
60 63 36
61 0 40
61 1 32
61 2 53
61 3 79
61 4 7
61 5 69
61 6 9
61 7 45
61 8 44
61 9 68
61 10 97
61 11 80
61 12 6
61 13 29
61 14 75
61 15 41
61 16 83
61 17 101
61 18 49
61 19 2
61 20 88
61 21 34
61 22 67
61 23 43
61 24 79
61 25 67
61 26 92
61 27 37
61 28 63
61 29 20
61 30 3
61 31 15
61 32 5
61 33 62
61 34 63
61 35 87
61 36 100
61 37 18
61 38 35
61 39 19
61 40 40
61 41 51
61 42 82
61 43 31
61 44 4
61 45 16
61 46 96
61 47 75
61 48 82
61 49 55
61 50 26
61 51 55
61 52 69
61 53 38
61 54 24
61 55 65
61 56 17
61 57 5
61 58 57
61 59 6
61 60 40
61 62 85
61 63 22
62 0 16
62 1 63
62 2 90
62 3 73
62 4 5
62 5 88
62 6 15
62 7 78
62 8 2
62 9 9
62 10 26
62 11 28
62 12 1
62 13 71
62 14 82
62 15 69
62 16 72
62 17 36
62 18 35
62 19 38
62 20 48
62 21 25
62 22 37
62 23 13
62 24 10
62 25 94
62 26 2
62 27 74
62 28 56
62 29 36
62 30 87
62 31 54
62 32 64
62 33 56
62 34 54
62 35 7
62 36 28
62 37 64
62 38 39
62 39 76
62 40 94
62 41 91
62 42 72
62 43 63
62 44 8
62 45 18
62 46 89
62 47 93
62 48 44
62 49 6
62 50 43
62 51 82
62 52 75
62 53 31
62 54 41
62 55 68
62 56 43
62 57 75
62 58 4
62 59 13
62 60 68
62 61 52
62 63 46
63 0 42
63 1 51
63 2 28
63 3 26
63 4 87
63 5 45
63 6 61
63 7 8
63 8 86
63 9 52
63 10 88
63 11 66
63 12 24
63 13 86
63 14 1
63 15 98
63 16 101
63 17 35
63 18 75
63 19 50
63 20 97
63 21 94
63 22 43
63 23 68
63 24 35
63 25 16
63 26 99
63 27 6
63 28 45
63 29 83
63 30 50
63 31 59
63 32 95
63 33 3
63 34 42
63 35 25
63 36 5
63 37 23
63 38 10
63 39 48
63 40 53
63 41 90
63 42 66
63 43 25
63 44 18
63 45 94
63 46 45
63 47 60
63 48 5
63 49 44
63 50 21
63 51 75
63 52 8
63 53 75
63 54 12
63 55 74
63 56 6
63 57 29
63 58 41
63 59 63
63 60 59
63 61 63
63 62 62
