32
0 1 88
0 2 86
0 3 81
0 4 52
0 5 79
0 6 46
0 7 71
0 8 41
0 9 24
0 10 23
0 11 72
0 12 35
0 13 59
0 14 81
0 15 37
0 16 31
0 17 8
0 18 17
0 19 1
0 20 70
0 21 86
0 22 43
0 23 93
0 24 73
0 25 80
0 26 90
0 27 60
0 28 50
0 29 77
0 30 69
0 31 21
1 0 50
1 2 27
1 3 72
1 4 55
1 5 97
1 6 35
1 7 59
1 8 18
1 9 19
1 10 21
1 11 48
1 12 36
1 13 6
1 14 42
1 15 33
1 16 22
1 17 85
1 18 22
1 19 2
1 20 34
1 21 89
1 22 51
1 23 77
1 24 60
1 25 11
1 26 65
1 27 20
1 28 64
1 29 72
1 30 92
1 31 3
2 0 99
2 1 36
2 3 7
2 4 36
2 5 92
2 6 100
2 7 90
2 8 57
2 9 82
2 10 35
2 11 86
2 12 25
2 13 52
2 14 59
2 15 51
2 16 59
2 17 88
2 18 69
2 19 19
2 20 85
2 21 87
2 22 92
2 23 84
2 24 57
2 25 60
2 26 17
2 27 65
2 28 55
2 29 25
2 30 96
2 31 27
3 0 36
3 1 71
3 2 71
3 4 91
3 5 58
3 6 41
3 7 21
3 8 44
3 9 100
3 10 30
3 11 40
3 12 53
3 13 80
3 14 39
3 15 95
3 16 75
3 17 22
3 18 56
3 19 95
3 20 63
3 21 9
3 22 76
3 23 55
3 24 59
3 25 49
3 26 61
3 27 55
3 28 99
3 29 8
3 30 97
3 31 68
4 0 91
4 1 76
4 2 17
4 3 95
4 5 91
4 6 84
4 7 64
4 8 51
4 9 42
4 10 44
4 11 17
4 12 19
4 13 88
4 14 76
4 15 100
4 16 43
4 17 86
4 18 31
4 19 34
4 20 36
4 21 82
4 22 101
4 23 55
4 24 71
4 25 91
4 26 29
4 27 50
4 28 29
4 29 49
4 30 91
4 31 7
5 0 29
5 1 84
5 2 27
5 3 2
5 4 6
5 6 32
5 7 33
5 8 20
5 9 58
5 10 91
5 11 50
5 12 78
5 13 81
5 14 77
5 15 5
5 16 34
5 17 81
5 18 100
5 19 20
5 20 42
5 21 96
5 22 96
5 23 34
5 24 68
5 25 50
5 26 22
5 27 45
5 28 93
5 29 25
5 30 15
5 31 55
6 0 44
6 1 6
6 2 36
6 3 30
6 4 69
6 5 86
6 7 45
6 8 40
6 9 79
6 10 52
6 11 23
6 12 101
6 13 55
6 14 57
6 15 56
6 16 6
6 17 91
6 18 85
6 19 68
6 20 57
6 21 73
6 22 97
6 23 72
6 24 38
6 25 16
6 26 50
6 27 47
6 28 4
6 29 22
6 30 85
6 31 3
7 0 84
7 1 53
7 2 20
7 3 46
7 4 37
7 5 55
7 6 49
7 8 78
7 9 7
7 10 51
7 11 81
7 12 79
7 13 57
7 14 54
7 15 44
7 16 51
7 17 4
7 18 22
7 19 4
7 20 83
7 21 73
7 22 73
7 23 91
7 24 101
7 25 13
7 26 61
7 27 37
7 28 48
7 29 89
7 30 58
7 31 97
8 0 28
8 1 87
8 2 71
8 3 22
8 4 62
8 5 99
8 6 44
8 7 23
8 9 37
8 10 94
8 11 51
8 12 44
8 13 2
8 14 31
8 15 14
8 16 58
8 17 52
8 18 76
8 19 86
8 20 60
8 21 22
8 22 20
8 23 54
8 24 5
8 25 98
8 26 81
8 27 43
8 28 59
8 29 71
8 30 92
8 31 37
9 0 22
9 1 54
9 2 32
9 3 79
9 4 58
9 5 78
9 6 89
9 7 32
9 8 51
9 10 56
9 11 24
9 12 86
9 13 40
9 14 88
9 15 87
9 16 14
9 17 16
9 18 10
9 19 42
9 20 57
9 21 68
9 22 5
9 23 55
9 24 21
9 25 3
9 26 34
9 27 51
9 28 36
9 29 53
9 30 14
9 31 80
10 0 85
10 1 39
10 2 49
10 3 98
10 4 81
10 5 53
10 6 62
10 7 49
10 8 22
10 9 13
10 11 83
10 12 22
10 13 62
10 14 30
10 15 19
10 16 67
10 17 96
10 18 47
10 19 59
10 20 85
10 21 71
10 22 90
10 23 83
10 24 45
10 25 32
10 26 77
10 27 90
10 28 28
10 29 13
10 30 78
10 31 50
11 0 82
11 1 97
11 2 10
11 3 74
11 4 52
11 5 9
11 6 21
11 7 101
11 8 53
11 9 48
11 10 88
11 12 94
11 13 76
11 14 20
11 15 33
11 16 65
11 17 41
11 18 14
11 19 24
11 20 60
11 21 86
11 22 90
11 23 3
11 24 48
11 25 96
11 26 80
11 27 54
11 28 24
11 29 25
11 30 52
11 31 66
12 0 65
12 1 4
12 2 59
12 3 85
12 4 84
12 5 59
12 6 55
12 7 5
12 8 80
12 9 5
12 10 14
12 11 19
12 13 38
12 14 13
12 15 2
12 16 41
12 17 75
12 18 84
12 19 19
12 20 23
12 21 76
12 22 95
12 23 95
12 24 5
12 25 78
12 26 14
12 27 98
12 28 48
12 29 91
12 30 18
12 31 50
13 0 7
13 1 31
13 2 64
13 3 84
13 4 11
13 5 72
13 6 1
13 7 21
13 8 37
13 9 81
13 10 60
13 11 68
13 12 25
13 14 1
13 15 21
13 16 30
13 17 64
13 18 15
13 19 72
13 20 51
13 21 8
13 22 65
13 23 19
13 24 4
13 25 33
13 26 89
13 27 86
13 28 98
13 29 14
13 30 55
13 31 11
14 0 82
14 1 49
14 2 98
14 3 55
14 4 72
14 5 93
14 6 19
14 7 40
14 8 100
14 9 22
14 10 2
14 11 60
14 12 98
14 13 25
14 15 94
14 16 75
14 17 17
14 18 99
14 19 23
14 20 13
14 21 70
14 22 34
14 23 4
14 24 42
14 25 14
14 26 14
14 27 29
14 28 83
14 29 22
14 30 46
14 31 51
15 0 40
15 1 62
15 2 32
15 3 10
15 4 36
15 5 4
15 6 48
15 7 87
15 8 90
15 9 80
15 10 52
15 11 19
15 12 15
15 13 45
15 14 87
15 16 69
15 17 100
15 18 9
15 19 16
15 20 90
15 21 96
15 22 5
15 23 86
15 24 39
15 25 59
15 26 64
15 27 41
15 28 88
15 29 97
15 30 29
15 31 83
16 0 60
16 1 91
16 2 53
16 3 42
16 4 56
16 5 43
16 6 55
16 7 15
16 8 17
16 9 21
16 10 78
16 11 43
16 12 47
16 13 88
16 14 61
16 15 7
16 17 60
16 18 55
16 19 39
16 20 86
16 21 63
16 22 62
16 23 35
16 24 33
16 25 47
16 26 51
16 27 31
16 28 66
16 29 34
16 30 94
16 31 99
17 0 54
17 1 12
17 2 49
17 3 84
17 4 89
17 5 27
17 6 26
17 7 28
17 8 68
17 9 75
17 10 96
17 11 86
17 12 95
17 13 49
17 14 18
17 15 65
17 16 15
17 18 50
17 19 45
17 20 16
17 21 11
17 22 80
17 23 11
17 24 83
17 25 15
17 26 40
17 27 69
17 28 46
17 29 32
17 30 80
17 31 98
18 0 65
18 1 42
18 2 13
18 3 73
18 4 95
18 5 14
18 6 20
18 7 14
18 8 25
18 9 64
18 10 1
18 11 9
18 12 56
18 13 78
18 14 54
18 15 65
18 16 47
18 17 96
18 19 59
18 20 55
18 21 34
18 22 6
18 23 24
18 24 25
18 25 47
18 26 50
18 27 87
18 28 55
18 29 34
18 30 15
18 31 64
19 0 95
19 1 79
19 2 74
19 3 2
19 4 87
19 5 16
19 6 24
19 7 51
19 8 3
19 9 29
19 10 12
19 11 1
19 12 84
19 13 6
19 14 44
19 15 15
19 16 77
19 17 84
19 18 43
19 20 59
19 21 6
19 22 9
19 23 81
19 24 5
19 25 15
19 26 51
19 27 65
19 28 55
19 29 79
19 30 85
19 31 4
20 0 67
20 1 68
20 2 82
20 3 32
20 4 21
20 5 7
20 6 67
20 7 38
20 8 99
20 9 68
20 10 23
20 11 73
20 12 50
20 13 56
20 14 44
20 15 65
20 16 77
20 17 84
20 18 87
20 19 38
20 21 17
20 22 46
20 23 40
20 24 59
20 25 64
20 26 4
20 27 20
20 28 56
20 29 88
20 30 7
20 31 40
21 0 94
21 1 47
21 2 52
21 3 19
21 4 97
21 5 25
21 6 90
21 7 71
21 8 73
21 9 74
21 10 100
21 11 26
21 12 77
21 13 31
21 14 18
21 15 26
21 16 91
21 17 78
21 18 19
21 19 71
21 20 52
21 22 59
21 23 56
21 24 93
21 25 25
21 26 6
21 27 18
21 28 83
21 29 73
21 30 95
21 31 95
22 0 14
22 1 10
22 2 5
22 3 15
22 4 75
22 5 8
22 6 7
22 7 100
22 8 12
22 9 46
22 10 14
22 11 69
22 12 56
22 13 69
22 14 89
22 15 67
22 16 34
22 17 40
22 18 73
22 19 65
22 20 46
22 21 71
22 23 57
22 24 86
22 25 9
22 26 92
22 27 54
22 28 20
22 29 96
22 30 26
22 31 81
23 0 100
23 1 34
23 2 67
23 3 68
23 4 68
23 5 19
23 6 62
23 7 52
23 8 10
23 9 4
23 10 10
23 11 101
23 12 17
23 13 21
23 14 83
23 15 19
23 16 81
23 17 82
23 18 7
23 19 90
23 20 16
23 21 46
23 22 46
23 24 50
23 25 12
23 26 50
23 27 87
23 28 32
23 29 56
23 30 97
23 31 20
24 0 84
24 1 21
24 2 6
24 3 25
24 4 101
24 5 90
24 6 4
24 7 14
24 8 10
24 9 27
24 10 91
24 11 2
24 12 1
24 13 64
24 14 32
24 15 32
24 16 77
24 17 26
24 18 42
24 19 2
24 20 94
24 21 80
24 22 64
24 23 79
24 25 81
24 26 30
24 27 46
24 28 78
24 29 70
24 30 31
24 31 79
25 0 11
25 1 54
25 2 75
25 3 9
25 4 7
25 5 47
25 6 94
25 7 60
25 8 30
25 9 9
25 10 31
25 11 64
25 12 28
25 13 40
25 14 50
25 15 43
25 16 37
25 17 4
25 18 84
25 19 2
25 20 11
25 21 98
25 22 91
25 23 26
25 24 11
25 26 63
25 27 53
25 28 92
25 29 8
25 30 35
25 31 11
26 0 97
26 1 91
26 2 47
26 3 73
26 4 11
26 5 9
26 6 93
26 7 100
26 8 33
26 9 42
26 10 72
26 11 56
26 12 20
26 13 66
26 14 90
26 15 99
26 16 11
26 17 64
26 18 99
26 19 5
26 20 47
26 21 81
26 22 77
26 23 60
26 24 90
26 25 65
26 27 70
26 28 55
26 29 50
26 30 74
26 31 87
27 0 47
27 1 85
27 2 97
27 3 46
27 4 47
27 5 9
27 6 57
27 7 44
27 8 49
27 9 45
27 10 44
27 11 74
27 12 80
27 13 26
27 14 96
27 15 93
27 16 101
27 17 89
27 18 2
27 19 92
27 20 88
27 21 54
27 22 32
27 23 26
27 24 38
27 25 59
27 26 84
27 28 50
27 29 27
27 30 93
27 31 5
28 0 58
28 1 25
28 2 14
28 3 40
28 4 8
28 5 88
28 6 100
28 7 77
28 8 52
28 9 28
28 10 70
28 11 1
28 12 23
28 13 54
28 14 20
28 15 55
28 16 1
28 17 31
28 18 36
28 19 55
28 20 59
28 21 82
28 22 34
28 23 97
28 24 34
28 25 15
28 26 31
28 27 15
28 29 70
28 30 66
28 31 56
29 0 93
29 1 63
29 2 45
29 3 70
29 4 71
29 5 35
29 6 11
29 7 67
29 8 94
29 9 38
29 10 34
29 11 46
29 12 95
29 13 59
29 14 45
29 15 37
29 16 22
29 17 48
29 18 88
29 19 60
29 20 61
29 21 54
29 22 16
29 23 77
29 24 76
29 25 75
29 26 37
29 27 68
29 28 14
29 30 74
29 31 77
30 0 32
30 1 26
30 2 26
30 3 15
30 4 48
30 5 57
30 6 72
30 7 49
30 8 2
30 9 59
30 10 67
30 11 48
30 12 6
30 13 81
30 14 82
30 15 10
30 16 51
30 17 16
30 18 37
30 19 51
30 20 78
30 21 44
30 22 67
30 23 54
30 24 34
30 25 30
30 26 44
30 27 50
30 28 90
30 29 64
30 31 83
31 0 16
31 1 75
31 2 62
31 3 38
31 4 85
31 5 84
31 6 94
31 7 28
31 8 65
31 9 46
31 10 96
31 11 23
31 12 48
31 13 37
31 14 87
31 15 6
31 16 93
31 17 54
31 18 31
31 19 66
31 20 72
31 21 7
31 22 80
31 23 12
31 24 71
31 25 25
31 26 90
31 27 101
31 28 70
31 29 93
31 30 35
