11
0 19 4
1 26 6
2 51 9
3 42 11
4 53 3
5 33 5
6 37 3
7 54 5
8 19 11
9 49 10
10 27 4
11 16 1
12 19 4
13 13 5
14 23 11
15 2 2
16 30 2
17 55 6
18 34 4
19 38 11
20 34 1
21 1 3
22 35 8
23 52 8
24 7 4
25 22 7
26 11 8
27 14 8
28 15 9
29 54 4
30 44 4
31 48 3
32 24 3
33 40 3
34 16 4
35 18 3
36 28 2
37 31 7
38 30 8
39 16 1
40 39 11
41 46 10
42 51 2
43 25 3
44 46 8
45 50 8
46 38 8
47 7 11
48 24 11
49 26 6
50 8 5
51 27 8
52 29 5
53 25 3
54 43 5
55 11 2
56 26 1
57 37 7
58 37 1
59 53 2
60 14 1
61 34 11
62 17 6
63 14 2
64 34 7
65 9 1
66 15 2
67 18 8
68 12 7
69 47 7
70 16 5
71 7 5
72 9 11
73 51 5
74 4 3
75 40 4
76 33 1
77 47 10
78 32 5
79 29 9
80 47 2
81 26 8
82 38 3
83 16 11
84 39 11
85 4 10
86 30 6
87 43 9
88 37 8
89 18 11
90 52 9
91 11 11
92 11 8
93 25 1
94 29 5
95 26 8
96 16 8
97 28 4
98 40 3
99 16 5
100 3 10
101 19 3
102 35 1
103 52 1
104 7 2
105 40 10
106 17 2
107 10 8
108 41 5
109 38 10
110 12 10
111 30 2
112 8 11
113 55 6
114 40 7
115 11 5
116 47 4
117 29 5
118 46 3
119 51 8
120 16 8
121 42 9
122 41 1
123 44 2
124 17 1
125 33 10
126 44 7
127 55 8
128 33 11
129 27 2
130 47 2
131 32 6
132 47 11
133 18 9
134 13 2
135 54 4
136 5 2
137 44 1
138 45 5
139 53 1
140 49 9
141 50 1
142 43 11
143 1 2
144 4 10
145 54 3
146 13 10
147 29 8
148 5 7
149 37 2
150 37 3
151 4 1
152 28 9
153 7 4
154 45 11
155 47 2
156 53 1
157 45 6
158 35 11
159 8 2
160 36 5
161 36 3
162 21 5
163 2 11
164 13 10
165 12 11
166 53 1
167 53 10
168 39 6
169 20 7
170 46 2
171 47 1
172 24 6
173 25 7
174 33 4
175 51 9
176 48 5
177 53 7
178 43 7
179 21 6
180 2 7
181 17 6
182 17 11
183 23 8
184 17 1
185 7 1
186 55 6
187 27 6
188 47 9
189 11 2
190 44 5
191 39 2
192 33 1
193 52 11
194 43 7
195 42 7
196 5 2
197 5 3
198 1 10
199 42 8
200 2 2
201 54 7
202 50 4
203 52 10
204 37 10
205 27 6
206 24 9
207 53 7
208 21 8
209 39 10
210 38 9
211 19 1
212 55 6
213 45 6
214 23 11
215 35 6
216 32 10
217 32 3
218 26 10
219 26 9
220 6 11
221 45 10
222 29 3
223 28 7
224 46 2
225 18 2
226 14 3
227 29 2
228 26 2
229 26 11
230 4 2
231 56 11
232 37 4
233 7 9
234 49 2
235 20 1
236 50 3
237 51 9
238 31 4
239 16 5
240 20 10
241 47 11
242 11 4
243 12 6
244 4 8
245 40 4
246 13 5
247 26 9
248 21 9
249 5 3
250 48 7
251 51 4
252 29 3
253 19 5
254 37 11
255 12 9
256 8 6
257 31 10
258 6 8
259 40 7
260 48 6
261 51 2
262 26 4
263 41 2
264 46 9
265 56 11
266 10 8
267 47 8
268 34 8
269 7 1
270 50 1
271 14 7
272 24 7
273 32 9
274 35 5
275 32 5
276 25 10
277 29 5
278 38 6
279 25 9
280 54 3
281 43 1
282 22 1
283 48 5
284 35 6
285 45 3
286 44 7
287 50 4
288 50 4
289 38 8
290 42 2
291 45 2
292 17 8
293 39 8
294 16 11
295 8 6
296 36 6
297 1 4
298 50 1
299 24 1
300 41 5
301 36 7
302 12 4
303 46 8
304 24 5
305 17 8
306 30 1
307 22 2
308 19 10
309 10 4
310 34 7
311 31 8
312 2 8
313 46 7
314 6 2
315 55 2
316 52 4
317 8 4
318 23 7
319 40 9
320 5 4
321 47 3
322 51 5
323 1 9
324 33 1
325 24 8
326 35 1
327 6 8
328 10 6
329 32 4
330 56 8
331 7 6
332 34 11
333 43 2
334 18 1
335 26 5
336 22 10
337 15 2
338 48 2
339 49 3
340 19 9
341 51 6
342 49 2
343 43 9
344 49 5
345 11 1
346 50 4
347 16 2
348 1 8
349 51 4
350 6 2
351 30 5
352 38 11
353 47 2
354 43 9
355 4 4
356 20 7
357 43 2
358 37 9
359 53 7
360 39 11
361 35 5
362 23 3
363 29 9
364 17 9
365 11 10
366 5 6
367 38 8
368 50 6
369 13 8
370 4 5
371 52 7
372 26 3
373 39 5
374 28 8
375 48 1
376 26 6
377 19 8
378 44 3
379 36 7
380 38 10
381 50 1
382 38 9
383 39 10
384 31 5
385 45 3
386 7 3
387 44 6
388 18 1
389 2 10
390 46 8
391 1 6
392 41 11
393 24 10
394 16 6
395 28 4
396 41 6
397 42 6
398 44 3
399 39 3
400 56 7
401 8 8
402 19 3
403 50 4
404 22 2
405 6 5
406 49 3
407 55 3
408 39 8
409 40 7
410 2 1
411 32 3
412 10 3
413 47 8
414 17 9
415 27 5
416 46 3
417 50 2
418 32 10
419 40 8
420 20 10
421 49 6
422 55 11
423 22 10
424 17 5
425 8 2
426 56 1
427 47 8
428 41 6
429 54 8
430 3 8
431 8 11
432 34 2
433 43 8
434 40 5
435 13 10
436 29 9
437 45 5
438 50 11
439 16 8
440 28 3
441 31 8
442 15 10
443 45 1
444 16 5
445 2 9
446 40 8
447 55 7
448 52 6
449 50 5
450 35 4
451 46 10
452 39 7
453 52 5
454 32 4
455 30 3
456 56 1
457 27 4
458 28 8
459 51 3
460 18 3
461 47 6
462 12 10
463 37 3
464 28 10
465 19 6
466 12 8
467 6 5
468 10 6
469 16 1
470 5 5
471 38 3
472 56 11
473 27 8
474 40 2
475 2 4
476 29 1
477 1 8
478 17 2
479 33 1
480 42 6
481 52 3
482 50 3
483 10 5
484 5 7
485 27 6
486 44 11
487 52 11
488 15 4
489 23 2
490 17 7
491 20 11
492 44 6
493 20 1
494 19 3
495 32 5
496 27 9
497 15 2
498 5 7
499 5 5
500 47 11
501 31 6
502 46 1
503 23 3
504 36 11
505 10 1
506 15 1
507 25 8
508 15 8
509 11 11
510 20 3
511 41 9
512 48 10
513 4 4
514 13 6
515 31 4
516 53 3
517 6 2
518 39 10
519 41 6
520 24 3
521 40 11
522 40 1
523 35 6
524 49 3
525 14 2
526 23 7
527 33 3
528 35 8
529 40 9
530 47 6
531 48 10
532 7 5
533 38 4
534 22 5
535 40 4
536 24 8
537 3 7
538 38 11
539 28 6
540 51 8
541 29 2
542 8 11
543 29 9
544 34 4
545 1 1
546 50 11
547 6 8
548 27 1
549 19 2
550 23 9
551 25 1
552 50 3
553 45 10
554 56 7
555 45 1
556 54 4
557 34 9
558 31 1
559 22 4
560 22 4
561 18 4
562 28 8
563 40 10
564 7 5
565 32 6
566 16 9
567 29 6
568 56 9
569 47 8
570 41 9
571 29 7
572 5 3
573 8 5
574 6 4
575 23 2
576 17 7
577 43 4
578 40 3
579 2 10
580 50 10
581 19 6
582 13 2
583 32 5
584 19 2
585 12 11
586 29 7
587 8 4
588 10 9
589 32 7
590 4 9
591 19 4
592 40 1
593 47 1
594 40 8
595 23 9
596 25 11
597 30 3
598 11 4
599 3 9
600 47 11
601 19 3
602 23 5
603 19 2
604 39 11
605 5 10
606 1 4
607 46 9
608 22 5
609 12 3
610 11 11
611 15 5
612 29 5
613 29 8
614 48 9
615 15 3
616 46 3
617 21 2
618 48 7
619 41 3
620 30 4
621 52 11
622 39 5
623 5 5
624 16 2
625 43 5
626 53 10
627 37 11
628 24 2
629 1 11
630 16 11
631 32 4
632 22 11
633 55 2
634 55 2
635 56 7
636 10 5
637 48 1
638 6 7
639 46 2
640 29 5
641 50 2
642 42 6
643 56 10
644 53 3
645 12 11
646 27 10
647 56 5
648 54 9
649 10 1
650 3 7
651 11 2
652 9 5
653 47 9
654 41 3
655 17 1
656 33 2
657 2 3
658 32 10
659 51 11
660 14 3
661 9 1
662 20 3
663 52 3
664 13 5
665 32 7
666 14 10
667 21 9
668 36 2
669 7 4
670 12 8
671 45 10
672 46 11
673 30 8
674 46 8
675 30 8
676 15 10
677 20 11
678 53 11
679 11 4
680 7 6
681 41 11
682 39 10
683 20 4
684 23 3
685 24 6
686 8 7
687 14 9
688 7 3
689 37 4
690 5 8
691 51 9
692 8 5
693 33 11
694 49 10
695 17 5
696 14 10
697 51 11
698 36 11
699 48 5
700 54 6
701 24 3
702 2 6
703 5 8
704 55 11
705 47 4
706 56 1
707 43 2
708 6 4
709 6 10
710 54 11
711 52 11
712 27 8
713 52 8
714 4 9
715 47 4
716 56 7
717 28 11
718 45 7
719 27 2
720 33 9
721 20 6
722 16 7
723 23 9
724 26 11
725 52 1
726 15 6
727 43 9
728 43 4
729 22 6
730 20 3
731 56 7
732 1 10
733 42 9
734 9 9
735 36 3
736 24 2
737 1 10
738 13 5
739 54 5
740 50 7
741 29 11
742 11 6
743 28 1
744 15 1
745 7 5
746 21 6
747 41 8
748 14 9
749 9 3
750 33 1
751 29 10
752 52 8
753 15 8
754 17 2
755 46 7
756 55 9
757 31 4
758 1 9
759 3 8
760 39 10
761 44 6
762 34 6
763 8 8
764 45 11
765 10 3
766 17 4
767 37 5
768 27 5
769 28 8
770 55 2
771 19 1
772 54 10
773 10 3
774 26 9
775 10 10
776 50 7
777 48 11
778 46 8
779 19 6
780 6 3
781 25 10
782 32 6
783 24 4
784 34 11
785 32 5
786 52 7
787 46 7
788 49 9
789 12 7
790 45 7
791 8 3
792 40 7
793 43 11
794 38 11
795 5 8
796 32 4
797 38 2
798 22 7
799 18 4
800 28 5
801 34 11
802 19 8
803 41 6
804 39 1
805 51 4
806 50 5
807 46 8
808 6 6
809 22 11
810 46 5
811 37 2
812 25 11
813 2 3
814 9 1
815 34 8
816 39 7
817 7 1
818 35 6
819 6 8
820 1 2
821 39 3
822 40 2
823 52 11
824 25 7
825 37 5
826 7 8
827 46 8
828 2 9
829 32 10
830 47 1
831 18 6
832 4 9
833 12 9
834 12 9
835 17 4
836 40 1
837 22 3
838 2 3
839 31 6
840 9 5
841 28 7
842 9 7
843 14 3
844 5 2
845 52 11
846 13 11
847 17 10
848 4 7
849 10 7
850 43 2
851 53 4
852 3 11
853 27 2
854 19 7
855 50 10
856 32 8
857 2 5
858 54 10
859 3 10
860 27 10
861 20 1
862 32 6
863 36 6
864 7 7
865 18 7
866 26 2
867 8 9
868 56 5
869 45 8
870 4 6
871 20 4
872 53 8
873 55 11
874 3 11
875 38 4
876 4 10
877 54 4
878 19 3
879 19 4
880 28 1
881 55 8
882 43 6
883 51 10
884 36 7
885 20 8
886 55 9
887 41 2
888 54 7
889 22 9
890 41 6
891 53 7
892 53 1
893 13 1
894 16 8
895 9 11
896 7 8
897 46 6
898 7 6
899 52 3
900 6 7
901 28 7
902 53 7
903 44 1
904 9 9
905 26 2
906 26 9
907 21 3
908 43 5
909 37 9
910 45 9
911 45 2
912 50 7
913 25 3
914 13 5
915 27 6
916 28 9
917 10 5
918 43 11
919 1 4
920 51 7
921 47 9
922 43 6
923 44 2
924 23 5
925 48 1
926 28 4
927 15 5
928 9 5
929 5 11
930 23 6
931 36 3
932 14 2
933 39 4
934 28 10
935 37 11
936 25 11
937 53 1
938 7 8
939 7 5
940 54 11
941 41 5
942 53 11
943 33 8
944 22 10
945 46 8
946 8 3
947 42 10
948 35 5
949 24 3
950 46 7
951 51 1
952 14 7
953 41 1
954 15 2
955 31 7
956 47 9
957 54 11
958 47 11
959 34 3
960 12 7
961 37 8
962 3 7
963 7 5
964 29 8
965 3 2
966 40 7
967 33 3
968 35 5
969 29 8
970 41 9
971 45 4
972 9 4
973 44 10
974 11 10
975 11 6
976 32 10
977 18 8
978 55 8
979 1 5
980 27 11
981 49 2
982 24 3
983 42 11
984 29 1
985 15 6
986 28 7
987 39 10
988 26 5
989 54 3
990 4 1
991 37 9
992 13 2
993 49 9
994 20 8
995 46 6
996 56 8
997 23 9
998 40 2
999 44 4
1000 40 9
1001 54 3
1002 7 6
1003 3 11
1004 35 5
1005 1 5
1006 13 1
1007 17 7
1008 29 5
1009 47 1
1010 49 1
1011 29 10
1012 3 6
1013 17 1
1014 11 8
1015 39 8
1016 4 6
1017 14 2
1018 51 6
1019 39 5
1020 51 11
1021 40 11
1022 19 5
1023 23 8
1024 16 7
1025 30 3
1026 19 9
1027 22 1
1028 52 3
1029 22 6
1030 6 5
1031 33 2
1032 12 5
1033 26 1
1034 24 5
1035 49 4
1036 31 4
1037 46 9
1038 11 4
1039 22 1
1040 5 4
1041 30 8
1042 45 10
1043 1 3
1044 8 5
1045 6 1
1046 12 6
1047 26 7
1048 17 3
1049 39 2
1050 18 9
1051 42 7
1052 15 6
1053 5 6
1054 17 10
1055 4 6
1056 42 3
1057 32 4
1058 54 9
1059 22 5
1060 48 5
1061 4 11
1062 55 3
1063 13 9
1064 11 3
1065 15 6
1066 13 4
1067 18 4
1068 16 2
1069 27 2
1070 43 11
1071 27 9
1072 55 2
1073 28 5
1074 41 11
1075 28 1
1076 20 9
1077 55 11
1078 7 4
1079 53 10
1080 42 3
1081 24 5
1082 6 8
1083 25 10
1084 21 4
1085 37 9
1086 15 4
1087 37 1
1088 26 7
1089 39 1
1090 11 7
1091 52 9
1092 47 7
1093 37 2
1094 10 9
1095 22 9
1096 27 5
1097 15 9
1098 38 10
1099 10 2
1100 22 11
1101 42 10
1102 24 3
1103 44 9
1104 55 7
1105 28 2
1106 40 11
1107 47 8
1108 25 6
1109 29 4
1110 26 6
1111 45 5
1112 18 1
1113 49 1
1114 15 10
1115 21 5
1116 49 9
1117 19 7
1118 21 6
1119 37 8
1120 50 2
1121 4 6
1122 16 10
1123 14 8
1124 30 10
1125 5 2
1126 19 10
1127 52 7
1128 45 4
1129 42 11
1130 39 8
1131 31 5
1132 51 7
1133 36 6
1134 30 8
1135 15 11
1136 55 6
1137 27 5
1138 9 1
1139 23 10
1140 17 5
1141 53 5
1142 33 1
1143 14 8
1144 19 10
1145 32 8
1146 36 9
1147 48 5
1148 23 6
1149 5 3
1150 40 11
1151 41 10
1152 14 2
1153 53 3
1154 45 1
1155 29 6
1156 24 7
1157 43 5
1158 9 8
1159 29 9
1160 51 1
1161 55 11
1162 5 4
1163 32 9
1164 22 10
1165 54 9
1166 26 9
1167 23 8
1168 16 7
1169 22 5
1170 50 9
1171 42 2
1172 12 8
1173 42 11
1174 2 7
1175 32 5
1176 46 11
1177 51 9
1178 6 3
1179 30 7
1180 44 10
1181 27 9
1182 31 10
1183 19 5
1184 37 8
1185 16 7
1186 48 4
1187 21 10
1188 49 6
1189 9 1
1190 29 8
1191 16 9
1192 46 2
1193 50 1
1194 44 11
1195 5 7
1196 10 11
1197 56 4
1198 47 9
1199 46 4
1200 38 11
1201 39 3
1202 19 11
1203 15 1
1204 56 1
1205 16 3
1206 32 5
1207 50 11
1208 28 5
1209 45 2
1210 34 9
1211 3 6
1212 7 3
1213 26 6
1214 22 3
1215 21 3
1216 20 7
1217 29 8
1218 13 1
1219 35 10
1220 22 7
1221 26 5
1222 33 6
1223 27 10
1224 49 7
1225 43 5
1226 49 6
1227 11 6
1228 25 1
1229 12 9
1230 37 1
1231 49 7
1232 34 2
1233 6 1
1234 39 10
1235 48 10
1236 6 10
1237 29 1
1238 18 1
1239 44 10
1240 8 1
1241 16 5
1242 26 11
1243 40 10
1244 56 8
1245 53 4
1246 12 4
1247 49 2
1248 43 11
1249 4 8
1250 33 5
1251 50 9
1252 41 10
1253 16 6
1254 3 3
1255 8 1
1256 53 3
1257 44 5
1258 48 3
1259 3 10
1260 26 3
1261 50 6
1262 24 5
1263 22 8
1264 18 8
1265 14 11
1266 5 8
1267 31 6
1268 50 6
1269 33 4
1270 2 5
1271 49 9
1272 32 2
1273 11 5
1274 23 10
1275 7 3
1276 34 1
1277 25 11
1278 34 1
1279 36 11
1280 44 10
1281 7 7
1282 31 9
1283 17 10
1284 4 6
1285 15 4
1286 12 5
1287 41 1
1288 35 8
1289 48 9
1290 44 3
1291 24 5
1292 37 5
1293 43 7
1294 18 7
1295 17 2
1296 2 10
1297 16 1
1298 39 10
1299 12 7
1300 35 11
1301 31 1
1302 8 8
1303 36 7
1304 48 10
1305 46 4
1306 44 5
1307 49 3
1308 54 8
1309 47 11
1310 50 5
1311 49 4
1312 43 4
1313 14 3
1314 51 9
1315 6 9
1316 7 7
1317 42 2
1318 11 2
1319 44 1
1320 16 3
1321 7 7
1322 19 5
1323 22 11
1324 49 8
1325 38 9
1326 20 4
1327 16 11
1328 7 5
1329 31 7
1330 52 7
1331 6 4
1332 44 11
1333 56 8
1334 55 2
1335 50 2
1336 29 6
1337 33 7
1338 41 11
1339 9 9
1340 54 5
1341 48 3
1342 19 11
1343 50 6
1344 46 10
1345 56 1
1346 41 3
1347 17 10
1348 20 11
1349 26 1
1350 3 9
1351 36 8
1352 19 1
1353 38 2
1354 7 6
1355 52 9
1356 22 5
1357 14 5
1358 31 6
1359 26 2
1360 13 6
1361 15 5
1362 34 2
1363 39 1
1364 6 7
1365 38 4
1366 49 1
1367 31 2
1368 34 9
1369 38 8
1370 16 7
1371 29 11
1372 34 7
1373 52 4
1374 14 1
1375 41 6
1376 52 1
1377 37 4
1378 33 2
1379 23 6
1380 7 4
1381 8 5
1382 54 9
1383 55 11
1384 18 7
1385 11 7
1386 38 1
1387 40 1
1388 13 8
1389 30 2
1390 4 9
1391 53 8
1392 23 1
1393 10 11
1394 4 5
1395 9 9
1396 46 9
1397 11 4
1398 21 8
1399 17 1
1400 54 9
1401 41 2
1402 34 4
1403 19 11
1404 10 8
1405 38 2
1406 9 5
1407 46 11
1408 3 11
1409 46 4
1410 37 2
1411 55 9
1412 43 10
1413 10 4
1414 20 3
1415 32 4
1416 6 1
1417 37 5
1418 43 10
1419 34 1
1420 10 2
1421 39 11
1422 22 5
1423 36 10
1424 20 10
1425 10 9
1426 20 1
1427 7 5
1428 41 4
1429 39 6
1430 19 4
1431 9 4
1432 15 7
1433 23 5
1434 2 10
1435 37 9
1436 18 6
1437 38 10
1438 56 6
1439 38 7
1440 20 1
1441 6 5
1442 50 3
1443 20 6
1444 50 8
1445 18 8
1446 6 9
1447 50 11
1448 55 8
1449 51 7
1450 24 6
1451 25 10
1452 3 11
1453 35 3
1454 23 7
1455 46 8
1456 26 3
1457 55 5
1458 22 3
1459 18 5
1460 25 8
1461 24 7
1462 10 8
1463 12 7
1464 13 6
1465 11 10
1466 20 10
1467 43 5
1468 15 2
1469 3 9
1470 14 9
1471 27 10
1472 18 4
1473 44 8
1474 11 8
1475 17 11
1476 22 10
1477 17 11
1478 35 4
1479 45 8
1480 51 3
1481 23 2
1482 9 9
1483 35 6
1484 44 5
1485 34 5
1486 40 8
1487 43 11
1488 5 6
1489 45 11
1490 3 8
1491 10 9
1492 29 3
1493 28 1
1494 51 5
1495 14 6
1496 44 9
1497 51 7
1498 49 3
1499 47 7
1500 54 3
1501 10 6
1502 4 4
1503 45 5
1504 51 3
1505 22 10
1506 29 11
1507 36 2
1508 40 4
1509 27 3
1510 7 4
1511 10 10
1512 32 5
1513 44 9
1514 8 10
1515 44 9
1516 34 1
1517 56 11
1518 32 1
1519 27 2
1520 35 1
1521 56 4
1522 26 7
1523 33 11
1524 29 7
1525 26 8
1526 22 8
1527 24 10
1528 13 5
1529 25 3
1530 34 9
1531 34 9
1532 11 10
1533 17 6
1534 26 1
1535 13 10
1536 41 1
1537 28 5
1538 5 9
1539 51 3
1540 51 11
1541 30 3
1542 35 6
1543 33 1
1544 35 5
1545 34 7
1546 17 2
1547 25 10
1548 11 8
1549 49 4
1550 15 1
1551 16 7
1552 38 1
1553 41 11
1554 56 3
1555 24 9
1556 18 4
1557 1 10
1558 24 1
1559 48 10
1560 19 4
1561 24 2
1562 26 3
1563 4 10
1564 46 7
1565 12 2
1566 25 3
1567 56 1
1568 12 8
1569 15 3
1570 31 6
1571 4 10
1572 51 1
1573 5 11
1574 14 10
1575 53 4
1576 44 11
1577 53 6
1578 28 1
1579 38 8
1580 48 1
1581 37 11
1582 7 5
1583 30 9
1584 14 10
1585 32 9
1586 31 4
1587 20 3
1588 9 10
1589 36 4
1590 53 6
1591 22 11
1592 32 1
1593 44 1
1594 18 1
1595 2 5
1596 49 1
1597 51 10
1598 12 1
1599 40 9
1600 40 7
1601 8 9
1602 5 10
1603 5 10
1604 33 9
1605 21 9
1606 19 3
1607 7 8
1608 2 11
1609 4 8
1610 41 2
1611 42 7
1612 35 10
1613 45 1
1614 40 11
1615 13 11
1616 48 2
1617 13 3
1618 37 7
1619 20 10
1620 47 5
1621 12 10
1622 11 5
1623 10 8
1624 11 11
1625 31 11
1626 15 8
1627 51 2
1628 39 2
1629 13 5
1630 15 7
1631 54 8
1632 40 9
1633 28 9
1634 32 11
1635 36 1
1636 53 7
1637 50 2
1638 29 7
1639 40 8
1640 42 1
1641 6 7
1642 11 9
1643 46 3
1644 26 10
1645 26 3
1646 56 11
1647 39 6
1648 41 8
1649 10 10
1650 34 9
1651 24 7
1652 49 1
1653 44 9
1654 47 3
1655 19 10
1656 27 5
1657 20 5
1658 41 10
1659 13 6
1660 11 9
1661 31 7
1662 33 8
1663 54 3
1664 52 6
1665 18 4
1666 45 1
1667 42 6
1668 16 7
1669 5 8
1670 56 10
1671 31 4
1672 48 7
1673 38 10
1674 32 1
1675 29 6
1676 26 2
1677 7 1
1678 30 3
1679 12 3
1680 52 5
1681 18 6
1682 38 7
1683 15 1
1684 35 2
1685 6 1
1686 6 6
1687 35 2
1688 46 9
1689 14 10
1690 34 3
1691 23 6
1692 48 8
1693 21 7
1694 44 10
1695 13 8
1696 31 3
1697 45 6
1698 32 9
1699 24 1
1700 20 9
1701 54 2
1702 36 9
1703 28 2
1704 55 5
1705 33 7
1706 1 3
1707 39 5
1708 48 10
1709 15 5
1710 29 10
1711 41 10
1712 29 1
1713 34 2
1714 14 6
1715 52 3
1716 29 11
1717 20 10
1718 56 1
1719 7 11
1720 50 4
1721 11 11
1722 24 4
1723 20 11
1724 1 9
1725 3 10
1726 14 4
1727 16 8
1728 19 9
1729 6 5
1730 47 3
1731 23 5
1732 27 11
1733 42 2
1734 7 6
1735 55 10
1736 37 2
1737 25 7
1738 27 8
1739 54 3
1740 19 6
1741 56 7
1742 5 7
1743 25 5
1744 39 4
1745 43 9
1746 52 10
1747 25 4
1748 4 10
1749 42 5
1750 25 2
1751 46 7
1752 46 10
1753 47 5
1754 31 8
1755 9 3
1756 55 6
1757 23 7
1758 20 9
1759 11 7
1760 42 9
1761 51 6
1762 52 3
1763 39 2
1764 43 6
1765 35 1
1766 7 5
1767 41 7
1768 23 6
1769 20 8
1770 43 8
1771 29 1
1772 7 3
1773 44 3
1774 20 10
1775 29 7
1776 1 9
1777 48 3
1778 43 7
1779 26 9
1780 13 9
1781 14 4
1782 23 5
1783 20 2
1784 19 10
1785 8 8
1786 15 7
1787 37 10
1788 10 1
1789 23 11
1790 29 4
1791 19 1
1792 10 3
1793 7 8
1794 38 9
1795 16 3
1796 11 2
1797 14 2
1798 24 9
1799 24 6
1800 53 11
1801 29 7
1802 40 9
1803 33 9
1804 7 4
1805 56 3
1806 36 10
1807 38 4
1808 27 6
1809 2 4
1810 23 2
1811 55 2
1812 22 8
1813 13 4
1814 4 7
1815 33 2
1816 52 5
1817 1 4
1818 56 8
1819 13 1
1820 16 3
1821 44 4
1822 27 6
1823 1 1
1824 3 6
1825 28 10
1826 31 11
1827 45 6
1828 49 6
1829 29 2
1830 10 9
1831 18 9
1832 19 9
1833 53 10
1834 19 11
1835 16 4
1836 6 8
1837 38 7
1838 33 3
1839 54 11
1840 41 3
1841 7 5
1842 11 4
1843 52 11
1844 33 10
1845 1 3
1846 1 9
1847 18 9
1848 1 2
1849 54 3
1850 24 7
1851 19 10
1852 25 3
1853 43 4
1854 19 11
1855 7 10
1856 55 5
1857 22 7
1858 45 7
1859 10 11
1860 5 11
1861 12 5
1862 52 6
1863 52 8
1864 8 9
1865 4 8
1866 2 5
1867 8 1
1868 49 3
1869 6 2
1870 17 11
1871 15 9
1872 9 5
1873 19 9
1874 20 8
1875 50 8
1876 36 6
1877 39 11
1878 17 1
1879 52 5
1880 4 8
1881 44 2
1882 38 1
1883 13 10
1884 22 10
1885 37 4
1886 44 7
1887 42 9
1888 54 9
1889 15 1
1890 39 10
1891 15 4
1892 29 9
1893 34 11
1894 46 9
1895 34 2
1896 30 5
1897 27 7
1898 38 9
1899 44 1
1900 20 10
1901 29 1
1902 34 8
1903 4 7
1904 8 5
1905 49 11
1906 11 7
1907 39 9
1908 22 10
1909 37 5
1910 42 2
1911 56 11
1912 46 3
1913 12 4
1914 24 7
1915 35 5
1916 33 1
1917 28 8
1918 14 2
1919 51 4
1920 29 7
1921 27 9
1922 33 5
1923 30 4
1924 20 9
1925 8 10
1926 46 1
1927 21 1
1928 29 6
1929 27 11
1930 46 3
1931 35 11
1932 47 8
1933 41 11
1934 4 10
1935 6 6
1936 7 6
1937 35 1
1938 9 1
1939 5 1
1940 42 1
1941 19 11
1942 55 2
1943 3 5
1944 18 2
1945 30 5
1946 6 6
1947 16 1
1948 24 1
1949 44 9
1950 1 8
1951 11 9
1952 45 11
1953 48 11
1954 6 6
1955 41 10
1956 31 3
1957 6 7
1958 43 5
1959 22 11
1960 5 6
1961 43 4
1962 45 5
1963 28 9
1964 6 8
1965 45 5
1966 14 7
1967 53 5
1968 46 7
1969 45 7
1970 7 7
1971 25 4
1972 50 11
1973 44 2
1974 34 5
1975 6 11
1976 13 8
1977 19 5
1978 2 7
1979 42 11
1980 18 1
1981 4 3
1982 24 8
1983 20 5
1984 48 8
1985 23 11
1986 19 6
1987 27 2
1988 47 3
1989 15 10
1990 33 4
1991 40 10
1992 17 8
1993 8 6
1994 54 8
1995 19 9
1996 31 8
1997 40 7
1998 45 8
1999 39 1
2000 18 3
2001 32 4
2002 23 4
2003 20 9
2004 25 11
2005 22 9
2006 23 5
2007 22 9
2008 49 1
2009 2 6
2010 34 9
2011 55 3
2012 54 6
2013 37 7
2014 56 10
2015 2 2
2016 38 10
2017 51 4
2018 52 1
2019 56 3
2020 56 11
2021 30 5
2022 27 7
2023 51 3
2024 31 11
2025 8 8
2026 43 2
2027 42 6
2028 20 2
2029 53 5
2030 38 1
2031 40 9
2032 17 7
2033 45 3
2034 3 9
2035 17 1
2036 34 3
2037 28 6
2038 27 9
2039 56 11
2040 24 8
2041 36 2
2042 22 10
2043 56 7
2044 19 8
2045 11 1
2046 37 3
2047 22 8
2048 21 7
2049 38 9
2050 17 9
2051 41 1
2052 53 11
2053 35 11
2054 55 6
2055 43 2
2056 34 10
2057 36 11
2058 54 8
2059 45 7
2060 39 2
2061 15 10
2062 13 4
2063 7 10
2064 9 1
2065 34 3
2066 48 7
2067 20 3
2068 18 4
2069 7 2
2070 23 11
2071 30 7
2072 5 5
2073 20 9
2074 18 7
2075 28 6
2076 2 8
2077 22 9
2078 43 8
2079 42 2
2080 23 4
2081 4 2
2082 43 7
2083 56 5
2084 52 10
2085 40 3
2086 12 3
2087 49 9
2088 49 6
2089 32 6
2090 40 10
2091 31 10
2092 44 5
2093 16 8
2094 24 5
2095 34 8
2096 10 8
2097 2 4
2098 39 1
2099 43 7
2100 24 4
2101 28 1
2102 20 7
2103 44 4
2104 13 11
2105 15 9
2106 50 6
2107 34 6
2108 16 4
2109 38 7
2110 21 3
2111 17 2
2112 39 8
2113 15 1
2114 39 10
2115 38 10
2116 38 7
2117 4 6
2118 54 4
2119 18 6
2120 25 3
2121 33 7
2122 45 6
2123 46 9
2124 11 2
2125 5 8
2126 54 3
2127 56 5
2128 36 5
2129 46 5
2130 27 11
2131 38 7
2132 45 5
2133 48 9
2134 17 8
2135 18 6
2136 29 5
2137 54 6
2138 13 9
2139 26 1
2140 10 3
2141 45 7
2142 22 8
2143 39 11
2144 39 8
2145 51 1
2146 37 4
2147 45 6
2148 29 1
2149 42 1
2150 52 1
2151 23 1
2152 21 9
2153 36 11
2154 44 2
2155 42 11
2156 46 9
2157 2 11
2158 25 9
2159 52 2
2160 4 7
2161 50 3
2162 26 8
2163 40 8
2164 32 2
2165 55 2
2166 8 5
2167 14 3
2168 7 10
2169 14 10
2170 16 6
2171 50 6
2172 44 4
2173 30 8
2174 35 10
2175 40 10
2176 39 11
2177 37 7
2178 34 10
2179 17 1
2180 34 10
2181 13 6
2182 42 11
2183 9 10
2184 41 2
2185 42 5
2186 6 6
2187 27 7
2188 11 2
2189 14 8
2190 27 5
2191 31 9
2192 16 7
2193 7 2
2194 21 3
2195 41 6
2196 10 11
2197 54 8
2198 51 1
2199 43 9
2200 46 4
2201 39 9
2202 3 1
2203 2 8
2204 19 4
2205 19 3
2206 6 1
2207 54 4
2208 51 4
2209 1 6
2210 3 6
2211 34 6
2212 1 7
2213 4 4
2214 18 10
2215 7 6
2216 46 4
2217 30 2
2218 16 6
2219 49 7
2220 32 1
2221 22 11
2222 55 10
2223 5 9
2224 36 8
2225 54 1
2226 28 6
2227 23 5
2228 34 8
2229 41 6
2230 45 11
2231 50 1
2232 12 4
2233 24 6
2234 34 3
2235 6 4
2236 23 10
2237 54 4
2238 4 3
2239 29 1
2240 33 6
2241 45 4
2242 7 7
2243 15 5
2244 52 7
2245 30 2
2246 46 10
2247 53 3
2248 16 5
2249 56 1
2250 2 4
2251 5 6
2252 3 5
2253 15 10
2254 7 3
2255 32 3
2256 7 11
2257 6 8
2258 50 2
2259 50 7
2260 30 9
2261 47 11
2262 29 5
2263 4 11
2264 47 7
2265 38 10
2266 22 3
2267 51 3
2268 55 5
2269 9 10
2270 14 11
2271 31 9
2272 15 9
2273 54 1
2274 47 10
2275 41 4
2276 44 8
2277 19 1
2278 51 4
2279 3 2
2280 19 4
2281 3 6
2282 26 2
2283 16 3
2284 48 6
2285 25 4
2286 40 10
2287 28 8
2288 30 6
2289 6 10
2290 31 5
2291 29 11
2292 24 6
2293 1 7
2294 15 4
2295 50 11
2296 17 2
2297 29 2
2298 12 7
2299 33 4
2300 40 1
2301 17 7
2302 55 4
2303 1 1
2304 47 10
2305 8 1
2306 11 5
2307 49 3
2308 23 4
2309 11 3
2310 49 3
2311 18 11
2312 47 1
2313 16 11
2314 14 11
2315 14 1
2316 20 9
2317 2 10
2318 7 2
2319 25 10
2320 39 10
2321 6 11
2322 30 3
2323 21 11
2324 46 1
2325 52 6
2326 54 7
2327 37 5
2328 30 7
2329 26 9
2330 34 11
2331 14 3
2332 1 6
2333 4 11
2334 18 4
2335 14 2
2336 42 10
2337 18 1
2338 20 10
2339 39 11
2340 14 5
2341 32 3
2342 48 1
2343 40 10
2344 28 1
2345 32 6
2346 40 10
2347 4 8
2348 15 3
2349 12 9
2350 37 7
2351 40 1
2352 27 5
2353 22 4
2354 7 11
2355 3 8
2356 17 3
2357 40 7
2358 25 6
2359 8 6
2360 45 1
2361 8 7
2362 43 11
2363 36 2
2364 13 11
2365 4 11
2366 15 8
2367 42 5
2368 10 4
2369 31 11
2370 44 6
2371 56 4
2372 24 2
2373 14 7
2374 50 6
2375 52 7
2376 1 8
2377 39 2
2378 3 6
2379 45 10
2380 49 11
2381 52 8
2382 32 6
2383 5 7
2384 6 8
2385 9 9
2386 55 2
2387 16 7
2388 47 3
2389 42 9
2390 30 3
2391 8 8
2392 2 1
2393 53 6
2394 50 2
2395 44 2
2396 45 11
2397 31 2
2398 50 11
2399 38 6
2400 7 9
2401 32 6
2402 22 3
2403 4 2
2404 54 11
2405 3 7
2406 8 7
2407 3 4
2408 14 6
2409 6 11
2410 26 5
2411 5 7
2412 4 1
2413 33 9
2414 15 4
2415 19 9
2416 12 11
2417 7 1
2418 20 11
2419 28 4
2420 46 10
2421 12 2
2422 16 11
2423 13 11
2424 46 3
2425 39 3
2426 12 4
2427 34 9
2428 23 6
2429 54 3
2430 27 11
2431 35 8
2432 35 11
2433 26 10
2434 41 6
2435 14 10
2436 51 8
2437 27 9
2438 3 6
2439 15 3
2440 20 11
2441 24 3
2442 16 6
2443 49 7
2444 34 10
2445 38 9
2446 25 11
2447 1 3
2448 56 6
2449 6 8
2450 7 3
2451 35 11
2452 13 3
2453 46 2
2454 2 7
2455 20 2
2456 37 6
2457 18 10
2458 14 6
2459 39 1
2460 10 6
2461 41 5
2462 39 2
2463 15 9
2464 50 8
2465 15 9
2466 8 11
2467 37 9
2468 30 8
2469 21 1
2470 27 6
2471 25 10
2472 53 6
2473 14 9
2474 10 4
2475 55 11
2476 13 5
2477 24 3
2478 15 1
2479 3 1
2480 26 3
2481 46 3
2482 5 6
2483 36 8
2484 49 9
2485 24 5
2486 39 2
2487 26 8
2488 5 8
2489 28 10
2490 48 10
2491 47 4
2492 41 6
2493 46 2
2494 42 5
2495 51 10
2496 27 7
2497 41 11
2498 47 9
2499 45 7
2500 24 11
2501 29 3
2502 47 8
2503 48 11
2504 16 2
2505 41 7
2506 17 7
2507 48 1
2508 45 8
2509 27 2
2510 31 10
2511 20 6
2512 28 8
2513 25 2
2514 56 9
2515 16 7
2516 26 10
2517 41 1
2518 43 9
2519 16 7
2520 47 10
2521 13 8
2522 27 11
2523 41 4
2524 25 5
2525 25 9
2526 31 8
2527 16 4
2528 23 3
2529 49 10
2530 12 1
2531 17 7
2532 38 9
2533 22 9
2534 17 2
2535 43 10
2536 20 9
2537 14 2
2538 23 7
2539 7 6
2540 26 3
2541 28 6
2542 47 3
2543 33 5
2544 3 10
2545 16 3
2546 47 3
2547 39 10
2548 43 5
2549 48 6
2550 35 9
2551 47 2
2552 56 7
2553 38 6
2554 15 10
2555 37 8
2556 33 8
2557 38 10
2558 48 3
2559 7 8
2560 18 9
2561 40 5
2562 47 3
2563 28 7
2564 5 8
2565 41 6
2566 53 10
2567 8 2
2568 8 8
2569 2 5
2570 3 8
2571 20 1
2572 48 7
2573 51 4
2574 36 1
2575 42 2
2576 17 5
2577 25 2
2578 49 9
2579 2 5
2580 47 9
2581 6 11
2582 30 5
2583 9 2
2584 9 9
2585 34 10
2586 12 1
2587 7 6
2588 22 3
2589 9 10
2590 24 5
2591 46 6
2592 41 1
2593 49 3
2594 40 6
2595 4 5
2596 13 7
2597 15 6
2598 48 1
2599 16 11
2600 36 9
2601 50 2
2602 42 5
2603 37 6
2604 11 4
2605 28 5
2606 28 11
2607 45 9
2608 44 11
2609 28 10
2610 47 2
2611 14 11
2612 5 7
2613 30 10
2614 54 9
2615 1 8
2616 34 5
2617 13 10
2618 20 5
2619 27 6
2620 20 10
2621 40 11
2622 11 5
2623 8 5
2624 1 7
2625 14 4
2626 21 5
2627 45 5
2628 36 2
2629 19 7
2630 18 2
2631 29 6
2632 9 5
2633 46 4
2634 4 1
2635 18 7
2636 26 1
2637 1 5
2638 15 3
2639 25 7
2640 33 10
2641 5 10
2642 8 5
2643 32 2
2644 29 2
2645 35 9
2646 35 10
2647 23 9
2648 22 6
2649 43 11
2650 50 9
2651 35 8
2652 14 11
2653 2 1
2654 23 6
2655 46 10
2656 41 2
2657 40 1
2658 7 9
2659 7 10
2660 3 5
2661 28 4
2662 2 6
2663 43 2
2664 21 2
2665 35 4
2666 48 3
2667 28 9
2668 31 2
2669 56 6
2670 8 8
2671 34 6
2672 28 2
2673 38 11
2674 55 6
2675 16 8
2676 45 7
2677 56 8
2678 37 4
2679 23 9
2680 33 5
2681 3 11
2682 18 7
2683 37 5
2684 22 7
2685 17 11
2686 44 8
2687 12 1
2688 38 1
2689 38 1
2690 4 8
2691 47 3
2692 23 1
2693 16 8
2694 9 4
2695 19 1
2696 28 7
2697 39 8
2698 22 2
2699 49 7
2700 26 8
2701 13 8
2702 50 1
2703 14 5
2704 6 3
2705 6 11
2706 26 6
2707 22 3
2708 28 4
2709 56 4
2710 46 4
2711 36 9
2712 23 10
2713 20 8
2714 40 10
2715 28 2
2716 41 1
2717 50 7
2718 39 8
2719 56 1
2720 5 8
2721 47 11
2722 22 3
2723 42 8
2724 8 8
2725 46 6
2726 32 9
2727 24 9
2728 29 10
2729 28 4
2730 27 8
2731 18 10
2732 22 8
2733 30 4
2734 1 9
2735 54 5
2736 4 4
2737 18 11
2738 47 2
2739 11 6
2740 11 9
2741 22 7
2742 33 7
2743 5 10
2744 18 1
2745 47 2
2746 39 9
2747 34 8
2748 56 4
2749 55 8
2750 15 9
2751 46 4
2752 41 9
2753 44 8
2754 24 8
2755 19 5
2756 15 7
2757 22 8
2758 52 6
2759 50 2
2760 12 9
2761 21 9
2762 37 7
2763 27 4
2764 52 4
2765 21 3
2766 47 5
2767 33 9
2768 8 7
2769 53 2
2770 33 10
2771 55 9
2772 35 3
2773 55 5
2774 23 4
2775 37 11
2776 16 4
2777 23 5
2778 42 2
2779 30 6
2780 54 4
2781 13 2
2782 34 10
2783 53 11
2784 10 1
2785 38 1
2786 50 4
2787 22 4
2788 32 9
2789 16 10
2790 50 2
2791 49 2
2792 25 4
2793 7 10
2794 21 11
2795 31 8
2796 15 7
2797 31 6
2798 43 11
2799 52 7
2800 23 1
2801 5 5
2802 37 11
2803 40 5
2804 50 9
2805 19 2
2806 40 2
2807 49 6
2808 45 1
2809 10 5
2810 16 11
2811 40 6
2812 26 5
2813 24 4
2814 51 1
2815 48 5
2816 49 4
2817 48 9
2818 53 1
2819 39 1
2820 42 8
2821 13 6
2822 16 4
2823 25 2
2824 13 10
2825 38 2
2826 4 5
2827 46 9
2828 11 9
2829 43 6
2830 18 3
2831 22 10
2832 25 2
2833 45 7
2834 30 3
2835 37 10
2836 32 6
2837 21 2
2838 10 7
2839 29 8
2840 12 9
2841 17 9
2842 48 5
2843 56 9
2844 35 11
2845 11 6
2846 34 1
2847 2 6
2848 14 1
2849 34 3
2850 24 9
2851 37 7
2852 30 3
2853 13 6
2854 11 7
2855 14 4
2856 53 3
2857 43 11
2858 22 11
2859 23 11
2860 26 4
2861 22 8
2862 23 7
2863 36 7
2864 24 3
2865 51 4
2866 24 7
2867 56 6
2868 50 8
2869 3 3
2870 50 7
2871 14 2
2872 40 11
2873 27 11
2874 14 6
2875 23 11
2876 1 4
2877 31 3
2878 32 8
2879 27 3
2880 3 8
2881 37 7
2882 56 10
2883 53 6
2884 51 7
2885 7 8
2886 11 7
2887 10 11
2888 24 2
2889 30 4
2890 19 10
2891 48 5
2892 42 2
2893 4 5
2894 23 6
2895 14 11
2896 20 11
2897 32 9
2898 25 11
2899 34 10
2900 48 8
2901 2 9
2902 23 2
2903 22 10
2904 32 1
2905 43 1
2906 39 6
2907 40 5
2908 45 8
2909 35 10
2910 14 11
2911 28 9
2912 16 4
2913 56 8
2914 15 5
2915 13 9
2916 14 5
2917 17 11
2918 24 5
2919 3 1
2920 11 5
2921 15 10
2922 24 6
2923 47 9
2924 55 11
2925 20 3
2926 19 5
2927 18 4
2928 6 5
2929 54 8
2930 42 11
2931 33 1
2932 26 9
2933 17 6
2934 3 11
2935 23 4
2936 18 9
2937 3 7
2938 1 6
2939 7 10
2940 49 2
2941 19 11
2942 44 10
2943 12 5
2944 29 9
2945 24 8
2946 53 9
2947 42 8
2948 26 3
2949 16 9
2950 46 1
2951 14 6
2952 31 2
2953 55 6
2954 45 4
2955 44 5
2956 19 7
2957 22 5
2958 2 4
2959 13 1
2960 40 1
2961 51 4
2962 39 8
2963 55 1
2964 47 1
2965 47 5
2966 50 9
2967 40 11
2968 49 2
2969 50 7
2970 42 3
2971 55 11
2972 3 6
2973 1 6
2974 14 5
2975 21 2
2976 56 1
2977 14 3
2978 3 1
2979 55 6
2980 6 11
2981 25 11
2982 14 8
2983 19 10
2984 44 8
2985 6 9
2986 24 11
2987 32 11
2988 30 1
2989 34 11
2990 16 11
2991 13 2
2992 24 5
2993 35 4
2994 54 1
2995 22 6
2996 17 7
2997 19 1
2998 5 2
2999 14 7
3000 36 3
3001 2 6
3002 19 2
3003 18 11
3004 12 2
3005 2 4
3006 38 5
3007 49 2
3008 45 1
3009 51 5
3010 3 3
3011 22 10
3012 37 1
3013 36 4
3014 34 4
3015 42 3
3016 15 9
3017 8 4
3018 16 8
3019 7 4
3020 50 9
3021 17 5
3022 56 9
3023 4 11
3024 51 5
3025 12 6
3026 44 6
3027 40 6
3028 39 9
3029 41 8
3030 50 2
3031 7 10
3032 44 11
3033 8 8
3034 16 5
3035 35 4
3036 23 11
3037 30 1
3038 22 6
3039 30 1
3040 55 7
3041 38 4
3042 52 10
3043 52 3
3044 30 4
3045 49 9
3046 5 3
3047 28 3
3048 38 5
3049 19 3
3050 25 8
3051 6 9
3052 31 1
3053 17 2
3054 21 4
3055 40 10
3056 23 8
3057 28 9
3058 3 9
3059 41 8
3060 22 11
3061 56 10
3062 51 6
3063 19 6
3064 15 4
3065 23 2
3066 16 7
3067 25 10
3068 8 4
3069 1 6
3070 56 1
3071 36 3
3072 40 11
3073 16 5
3074 28 3
3075 45 11
3076 21 11
3077 53 5
3078 14 11
3079 42 9
3080 8 5
3081 16 5
3082 14 9
3083 32 7
3084 33 11
3085 39 10
3086 1 11
3087 56 6
3088 47 2
3089 32 5
3090 27 9
3091 41 11
3092 28 8
3093 39 11
3094 10 6
3095 23 11
3096 6 10
3097 16 6
3098 23 9
3099 56 11
3100 22 9
3101 1 3
3102 35 10
3103 38 10
3104 29 4
3105 34 11
3106 24 10
3107 9 3
3108 4 3
3109 6 11
3110 9 1
3111 27 2
3112 17 11
3113 36 10
3114 29 7
3115 37 3
3116 10 1
3117 25 6
3118 7 1
3119 14 5
3120 4 2
3121 26 5
3122 41 10
3123 16 6
3124 4 2
3125 38 3
3126 23 6
3127 56 7
3128 27 2
3129 3 7
3130 14 3
3131 54 9
3132 46 7
3133 45 9
3134 5 3
3135 54 4
3136 19 4
3137 16 4
3138 26 3
3139 33 2
3140 2 6
3141 41 3
3142 36 7
3143 13 11
3144 35 9
3145 41 9
3146 37 10
3147 10 11
3148 44 1
3149 55 7
3150 36 3
3151 51 4
3152 53 2
3153 47 10
3154 36 5
3155 44 8
3156 7 5
3157 41 10
3158 2 7
3159 33 4
3160 48 1
3161 29 1
3162 2 6
3163 54 6
3164 52 6
3165 54 3
3166 1 1
3167 18 5
3168 41 2
3169 20 7
3170 30 7
3171 54 1
3172 18 3
3173 54 6
3174 20 2
3175 35 7
3176 25 6
3177 16 8
3178 46 5
3179 16 10
3180 16 6
3181 55 7
3182 23 3
3183 17 7
3184 28 1
3185 33 5
3186 19 10
3187 8 11
3188 56 5
3189 16 5
3190 26 9
3191 11 8
3192 11 1
3193 38 4
3194 49 2
3195 21 11
3196 15 10
3197 7 7
3198 55 4
3199 38 5
3200 1 1
3201 2 8
3202 56 8
3203 53 2
3204 40 8
3205 20 9
3206 55 6
3207 8 10
3208 7 8
3209 55 4
3210 3 7
3211 10 11
3212 6 10
3213 52 1
3214 17 10
3215 10 2
3216 9 5
3217 32 8
3218 22 5
3219 28 10
3220 16 6
3221 53 2
3222 12 3
3223 51 5
3224 7 10
3225 19 5
3226 48 11
3227 49 10
3228 27 7
3229 31 2
3230 41 4
3231 45 7
3232 26 11
3233 12 3
3234 38 4
3235 42 10
3236 56 1
3237 31 8
3238 20 2
3239 40 2
3240 15 3
3241 10 8
3242 29 7
3243 40 9
3244 24 11
3245 46 9
3246 24 8
3247 26 1
3248 46 3
3249 11 8
3250 53 6
3251 45 7
3252 11 6
3253 15 10
3254 56 1
3255 37 2
3256 1 1
3257 47 1
3258 11 6
3259 9 5
3260 31 11
3261 48 9
3262 16 6
3263 51 4
3264 23 7
3265 12 4
3266 6 6
3267 40 2
3268 2 2
3269 52 1
3270 38 5
3271 21 11
3272 49 7
3273 32 6
3274 31 6
3275 6 6
3276 19 6
3277 42 2
3278 16 3
3279 47 5
3280 56 10
3281 5 2
3282 55 8
3283 26 4
3284 31 1
3285 22 8
3286 55 7
3287 43 4
3288 12 9
3289 35 6
3290 24 4
3291 33 6
3292 51 5
3293 34 8
3294 5 3
3295 17 3
3296 22 1
3297 25 6
3298 38 9
3299 3 1
3300 53 4
3301 15 2
3302 33 11
3303 56 4
3304 24 9
3305 45 11
3306 50 6
3307 30 8
3308 52 4
3309 40 7
3310 48 8
3311 23 3
3312 7 11
3313 45 2
3314 17 10
3315 5 9
3316 3 6
3317 37 1
3318 48 6
3319 42 9
3320 9 9
3321 55 3
3322 28 7
3323 47 1
3324 37 6
3325 3 6
3326 13 8
3327 6 7
3328 23 1
3329 54 10
3330 42 11
3331 23 9
3332 13 9
3333 22 6
3334 23 4
3335 45 11
3336 5 2
3337 9 6
3338 45 9
3339 44 4
3340 29 1
3341 4 2
3342 44 10
3343 24 6
3344 27 5
3345 24 11
3346 49 10
3347 4 6
3348 19 1
3349 16 6
3350 5 8
3351 45 5
3352 32 5
3353 34 3
3354 3 4
3355 30 11
3356 34 3
3357 38 6
3358 29 3
3359 46 7
3360 53 8
3361 16 7
3362 47 5
3363 32 8
3364 56 10
3365 46 10
3366 12 3
3367 11 3
3368 49 2
3369 14 11
3370 14 2
3371 56 8
3372 43 4
3373 22 6
3374 35 1
3375 48 9
3376 32 1
3377 13 3
3378 46 6
3379 15 5
3380 13 8
3381 56 9
3382 54 4
3383 32 2
3384 29 6
3385 20 7
3386 23 8
3387 52 7
3388 32 3
3389 53 10
3390 38 8
3391 3 3
3392 13 5
3393 50 3
3394 45 5
3395 7 2
3396 6 5
3397 25 11
3398 5 10
3399 13 9
3400 46 5
3401 31 3
3402 2 6
3403 14 5
3404 49 1
3405 53 11
3406 48 2
3407 6 8
3408 8 10
3409 20 9
3410 40 6
3411 36 9
3412 48 6
3413 43 7
3414 46 4
3415 45 10
3416 42 4
3417 48 5
3418 49 10
3419 33 3
3420 22 2
3421 51 10
3422 30 8
3423 9 11
3424 18 7
3425 55 3
3426 50 4
3427 6 2
3428 11 5
3429 10 4
3430 9 7
3431 24 10
3432 3 9
3433 13 4
3434 54 3
3435 11 10
3436 38 3
3437 27 2
3438 7 3
3439 35 10
3440 21 8
3441 25 4
3442 35 3
3443 54 4
3444 44 6
3445 21 7
3446 10 10
3447 52 1
3448 36 1
3449 8 2
3450 46 1
3451 55 6
3452 12 6
3453 51 5
3454 7 2
3455 49 11
3456 19 3
3457 5 3
3458 3 6
3459 36 9
3460 3 2
3461 35 8
3462 48 11
3463 21 8
3464 4 9
3465 35 2
3466 1 4
3467 46 8
3468 49 11
3469 46 11
3470 22 9
3471 33 1
3472 3 2
3473 20 9
3474 19 1
3475 23 1
3476 12 9
3477 7 2
3478 51 9
3479 46 3
3480 28 4
3481 19 9
3482 48 9
3483 10 8
3484 31 6
3485 9 7
3486 47 9
3487 55 9
3488 29 9
3489 41 7
3490 55 4
3491 35 6
3492 33 9
3493 37 4
3494 3 7
3495 19 11
3496 43 1
3497 3 8
3498 27 4
3499 54 6
3500 6 11
3501 29 9
3502 5 4
3503 32 11
3504 40 7
3505 40 8
3506 28 6
3507 12 10
3508 6 11
3509 25 7
3510 22 9
3511 18 2
3512 39 10
3513 18 6
3514 56 9
3515 30 3
3516 27 10
3517 28 10
3518 36 5
3519 56 3
3520 27 11
3521 7 9
3522 16 8
3523 20 8
3524 6 8
3525 12 2
3526 9 2
3527 54 2
3528 40 11
3529 21 7
3530 6 11
3531 5 5
3532 10 4
3533 32 1
3534 12 5
3535 10 10
3536 46 1
3537 38 6
3538 42 11
3539 24 10
3540 20 5
3541 34 7
3542 35 2
3543 2 6
3544 42 3
3545 19 11
3546 43 11
3547 14 11
3548 47 1
3549 54 7
3550 11 4
3551 43 6
3552 17 2
3553 42 7
3554 39 7
3555 12 10
3556 20 10
3557 46 10
3558 19 11
3559 53 11
3560 13 5
3561 37 1
3562 16 7
3563 48 8
3564 11 4
3565 55 1
3566 33 8
3567 39 11
3568 48 11
3569 28 4
3570 52 10
3571 24 3
3572 51 1
3573 21 7
3574 26 10
3575 51 3
3576 31 10
3577 41 8
3578 26 2
3579 7 10
3580 15 8
3581 26 4
3582 56 9
3583 9 11
3584 39 7
3585 5 10
3586 9 1
3587 18 4
3588 46 4
3589 18 6
3590 35 3
3591 35 11
3592 32 1
3593 49 3
3594 11 6
3595 50 9
3596 39 3
3597 29 5
3598 54 8
3599 42 10
3600 32 4
3601 15 8
3602 8 4
3603 39 8
3604 1 6
3605 33 3
3606 40 2
3607 51 6
3608 28 2
3609 29 7
3610 10 2
3611 12 1
3612 27 11
3613 27 4
3614 30 4
3615 43 11
3616 11 1
3617 12 7
3618 3 3
3619 7 4
3620 42 7
3621 30 6
3622 8 11
3623 42 4
3624 3 11
3625 30 6
3626 52 3
3627 15 11
3628 47 7
3629 15 4
3630 7 7
3631 56 1
3632 3 5
3633 29 11
3634 3 4
3635 22 1
3636 14 5
3637 50 10
3638 16 1
3639 35 11
3640 39 10
3641 5 2
3642 4 6
3643 21 6
3644 21 2
3645 39 11
3646 29 4
3647 27 11
3648 16 11
3649 28 5
3650 17 3
3651 10 7
3652 23 10
3653 48 8
3654 9 7
3655 56 1
3656 17 6
3657 20 9
3658 41 2
3659 19 10
3660 30 7
3661 21 10
3662 10 6
3663 42 2
3664 54 9
3665 47 5
3666 51 4
3667 4 7
3668 46 11
3669 22 8
3670 22 5
3671 2 3
3672 56 10
3673 49 2
3674 25 6
3675 2 3
3676 10 9
3677 34 11
3678 50 2
3679 9 1
3680 31 1
3681 15 5
3682 29 8
3683 40 10
3684 7 9
3685 54 1
3686 21 1
3687 40 11
3688 15 7
3689 48 4
3690 3 10
3691 15 6
3692 34 7
3693 37 11
3694 31 9
3695 34 2
3696 35 2
3697 38 1
3698 43 5
3699 17 3
3700 31 6
3701 16 5
3702 40 7
3703 3 1
3704 16 11
3705 53 8
3706 54 11
3707 46 11
3708 35 4
3709 14 2
3710 9 9
3711 19 4
3712 48 7
3713 22 7
3714 14 5
3715 16 11
3716 34 6
3717 27 8
3718 52 10
3719 33 11
3720 29 1
3721 6 5
3722 42 5
3723 44 2
3724 55 6
3725 15 10
3726 15 8
3727 10 3
3728 12 3
3729 45 11
3730 35 10
3731 18 4
3732 11 7
3733 27 7
3734 25 11
3735 14 4
3736 32 9
3737 44 11
3738 44 6
3739 11 2
3740 4 6
3741 46 6
3742 24 4
3743 48 8
3744 26 11
3745 3 7
3746 56 5
3747 27 6
3748 52 5
3749 33 8
3750 39 8
3751 14 8
3752 17 3
3753 19 10
3754 17 1
3755 43 2
3756 45 1
3757 21 5
3758 3 5
3759 39 1
3760 50 8
3761 8 3
3762 32 9
3763 40 7
3764 30 6
3765 19 10
3766 34 10
3767 27 6
3768 8 1
3769 42 6
3770 37 10
3771 5 11
3772 42 6
3773 20 8
3774 31 11
3775 27 3
3776 13 9
3777 16 7
3778 28 7
3779 31 2
3780 44 2
3781 39 3
3782 18 5
3783 52 11
3784 41 11
3785 32 2
3786 47 3
3787 50 1
3788 34 5
3789 44 1
3790 29 1
3791 37 11
3792 56 3
3793 18 1
3794 56 10
3795 4 4
3796 27 10
3797 16 8
3798 5 7
3799 31 1
3800 41 11
3801 54 7
3802 10 5
3803 37 10
3804 45 7
3805 19 7
3806 22 11
3807 36 1
3808 44 8
3809 39 1
3810 45 1
3811 5 2
3812 37 6
3813 8 2
3814 28 1
3815 10 1
3816 54 5
3817 18 10
3818 23 3
3819 22 3
3820 26 4
3821 33 3
3822 15 5
3823 29 5
3824 10 2
3825 19 7
3826 39 8
3827 35 7
3828 16 8
3829 25 4
3830 48 5
3831 50 11
3832 39 5
3833 43 6
3834 50 6
3835 45 11
3836 29 6
3837 24 6
3838 50 5
3839 55 3
3840 34 6
3841 7 4
3842 26 5
3843 34 6
3844 51 3
3845 43 1
3846 55 9
3847 26 2
3848 18 6
3849 13 5
3850 6 6
3851 31 2
3852 8 9
3853 49 9
3854 5 8
3855 19 9
3856 32 7
3857 16 8
3858 56 2
3859 49 9
3860 42 2
3861 19 10
3862 4 11
3863 10 1
3864 8 10
3865 29 3
3866 25 10
3867 51 8
3868 25 10
3869 2 8
3870 13 3
3871 6 5
3872 12 7
3873 16 6
3874 39 4
3875 17 9
3876 55 2
3877 37 3
3878 51 6
3879 47 7
3880 28 10
3881 42 1
3882 11 3
3883 30 8
3884 17 3
3885 19 8
3886 6 1
3887 24 2
3888 51 2
3889 50 1
3890 1 7
3891 19 5
3892 14 7
3893 27 9
3894 17 11
3895 1 4
3896 5 4
3897 7 7
3898 43 2
3899 31 6
3900 33 4
3901 2 9
3902 1 4
3903 11 6
3904 20 5
3905 23 4
3906 28 10
3907 37 10
3908 29 8
3909 43 7
3910 45 1
3911 33 7
3912 35 8
3913 42 7
3914 16 7
3915 51 10
3916 32 3
3917 53 10
3918 55 8
3919 56 3
3920 41 11
3921 16 11
3922 42 2
3923 8 8
3924 1 5
3925 9 2
3926 35 4
3927 31 6
3928 35 10
3929 48 1
3930 12 11
3931 55 2
3932 30 6
3933 23 1
3934 24 10
3935 37 4
3936 9 10
3937 51 1
3938 49 1
3939 4 2
3940 32 4
3941 30 4
3942 47 2
3943 53 4
3944 30 10
3945 12 6
3946 27 1
3947 21 1
3948 43 6
3949 33 3
3950 53 5
3951 47 4
3952 27 6
3953 35 5
3954 9 7
3955 36 9
3956 11 1
3957 51 6
3958 45 7
3959 12 6
3960 4 2
3961 46 6
3962 39 11
3963 55 7
3964 36 9
3965 51 10
3966 21 10
3967 47 11
3968 12 10
3969 4 7
3970 51 11
3971 32 4
3972 41 11
3973 32 2
3974 52 10
3975 38 7
3976 47 7
3977 48 8
3978 34 1
3979 22 1
3980 3 7
3981 45 6
3982 6 2
3983 52 6
3984 42 10
3985 40 8
3986 29 6
3987 9 7
3988 4 8
3989 20 8
3990 27 6
3991 16 4
3992 8 8
3993 44 4
3994 50 5
3995 22 5
3996 7 2
3997 39 6
3998 37 8
3999 33 4
4000 47 5
4001 37 3
4002 55 4
4003 24 2
4004 15 2
4005 20 1
4006 51 1
4007 41 1
4008 7 8
4009 48 4
4010 12 2
4011 47 4
4012 3 4
4013 16 2
4014 27 1
4015 11 9
4016 18 11
4017 38 5
4018 22 11
4019 34 7
4020 11 3
4021 40 7
4022 13 4
4023 34 3
4024 4 4
4025 40 2
4026 21 3
4027 43 4
4028 17 6
4029 55 7
4030 4 1
4031 54 2
4032 8 3
4033 32 7
4034 50 11
4035 47 7
4036 17 11
4037 46 1
4038 40 2
4039 56 10
4040 5 10
4041 22 2
4042 50 7
4043 38 5
4044 1 11
4045 39 5
4046 13 2
4047 3 10
4048 26 1
4049 35 6
4050 47 6
4051 8 10
4052 32 6
4053 32 7
4054 48 2
4055 12 6
4056 46 8
4057 26 1
4058 41 3
4059 8 8
4060 39 10
4061 42 8
4062 37 11
4063 52 1
4064 13 1
4065 30 5
4066 4 3
4067 33 6
4068 53 9
4069 4 6
4070 29 6
4071 47 7
4072 39 4
4073 24 10
4074 19 9
4075 34 3
4076 1 8
4077 12 11
4078 44 10
4079 6 6
4080 51 4
4081 19 3
4082 36 4
4083 44 9
4084 41 7
4085 24 9
4086 24 6
4087 55 6
4088 9 5
4089 27 11
4090 46 5
4091 31 7
4092 9 2
4093 18 8
4094 44 8
4095 52 4
