11
0 22 2
1 44 8
2 36 2
3 35 9
4 28 5
5 55 5
6 47 3
7 46 5
8 20 3
9 17 4
10 29 5
11 41 10
12 4 4
13 14 11
14 56 2
15 46 7
16 13 1
17 48 9
18 20 6
19 9 5
20 1 4
21 27 3
22 27 7
23 19 1
24 52 10
25 21 2
26 44 3
27 44 8
28 9 2
29 6 11
30 20 4
31 34 7
32 8 9
33 34 4
34 36 1
35 48 11
36 33 5
37 50 11
38 44 4
39 20 5
40 5 9
41 20 6
42 50 2
43 9 2
44 16 2
45 6 10
46 17 9
47 10 11
48 42 2
49 10 3
50 31 9
51 4 8
52 33 10
53 8 2
54 13 8
55 47 2
56 4 2
57 38 9
58 20 7
59 1 1
60 44 4
61 10 4
62 49 4
63 23 3
64 29 4
65 6 4
66 12 11
67 39 6
68 15 2
69 16 1
70 8 1
71 20 4
72 34 11
73 36 3
74 25 10
75 41 3
76 2 1
77 32 8
78 51 4
79 16 6
80 52 5
81 52 10
82 52 7
83 11 1
84 41 6
85 45 3
86 34 9
87 50 3
88 50 10
89 23 8
90 50 7
91 23 4
92 55 10
93 54 7
94 41 7
95 18 10
96 6 11
97 48 4
98 36 2
99 41 3
100 15 4
101 20 4
102 33 6
103 48 7
104 32 9
105 32 2
106 54 1
107 38 9
108 7 1
109 36 5
110 49 11
111 7 11
112 20 3
113 54 5
114 27 8
115 41 9
116 50 11
117 26 9
118 28 8
119 20 3
120 9 3
121 42 9
122 35 2
123 47 3
124 39 5
125 53 11
126 14 4
127 23 5
128 17 1
129 25 11
130 36 11
131 26 9
132 5 11
133 43 11
134 44 10
135 41 1
136 37 7
137 32 7
138 8 4
139 10 6
140 54 6
141 7 1
142 20 2
143 5 8
144 56 8
145 7 7
146 35 9
147 5 3
148 51 11
149 19 11
150 51 6
151 16 9
152 17 10
153 43 5
154 41 9
155 30 10
156 1 3
157 13 5
158 52 11
159 35 1
160 24 4
161 16 3
162 25 11
163 46 11
164 10 8
165 14 8
166 32 11
167 19 3
168 43 10
169 39 6
170 40 11
171 8 8
172 34 2
173 21 9
174 39 2
175 41 10
176 16 1
177 42 6
178 23 2
179 26 7
180 6 4
181 31 1
182 4 3
183 26 7
184 28 7
185 54 9
186 33 5
187 41 6
188 20 10
189 14 2
190 28 11
191 16 11
192 49 5
193 7 1
194 51 11
195 55 2
196 3 11
197 16 8
198 6 6
199 5 6
200 12 2
201 20 7
202 37 9
203 45 11
204 6 6
205 47 7
206 33 1
207 23 11
208 20 4
209 25 11
210 36 11
211 33 1
212 30 7
213 48 2
214 36 1
215 9 1
216 50 7
217 2 3
218 44 2
219 16 2
220 34 1
221 24 1
222 11 10
223 50 5
224 14 5
225 48 7
226 46 4
227 49 9
228 31 8
229 40 6
230 5 7
231 13 11
232 43 8
233 51 8
234 19 3
235 18 8
236 26 3
237 46 4
238 18 8
239 49 2
240 7 6
241 41 2
242 2 2
243 18 2
244 3 4
245 8 3
246 45 7
247 41 4
248 41 2
249 24 9
250 27 7
251 22 1
252 15 10
253 46 9
254 46 3
255 39 7
256 32 1
257 1 4
258 51 7
259 53 6
260 47 9
261 25 10
262 43 1
263 25 6
264 52 10
265 21 4
266 36 4
267 32 7
268 54 8
269 2 6
270 42 7
271 1 10
272 27 10
273 37 5
274 22 10
275 18 5
276 28 10
277 14 7
278 28 6
279 18 11
280 30 6
281 7 8
282 19 4
283 12 1
284 33 4
285 43 9
286 52 4
287 19 6
288 24 4
289 30 3
290 3 11
291 43 2
292 41 10
293 7 7
294 14 2
295 27 5
296 56 6
297 2 11
298 7 1
299 39 7
300 9 4
301 20 5
302 38 7
303 27 11
304 26 10
305 25 8
306 42 4
307 42 6
308 49 1
309 27 10
310 29 11
311 26 4
312 13 11
313 9 5
314 49 2
315 31 10
316 46 7
317 33 10
318 1 1
319 34 10
320 4 7
321 22 5
322 26 2
323 38 4
324 40 7
325 39 9
326 34 3
327 46 6
328 17 4
329 7 5
330 13 2
331 44 9
332 12 1
333 25 7
334 47 4
335 16 2
336 21 9
337 11 8
338 28 4
339 46 9
340 27 3
341 22 4
342 39 8
343 45 10
344 17 7
345 20 6
346 27 6
347 26 9
348 13 8
349 9 8
350 34 4
351 54 11
352 36 4
353 14 10
354 44 8
355 29 8
356 10 5
357 9 4
358 54 3
359 23 10
360 19 5
361 26 7
362 22 2
363 31 6
364 49 6
365 20 3
366 6 5
367 31 7
368 54 10
369 31 4
370 33 8
371 33 10
372 5 5
373 20 5
374 2 10
375 37 8
376 55 3
377 54 7
378 36 2
379 54 9
380 23 3
381 36 10
382 29 2
383 19 8
384 16 3
385 5 10
386 18 5
387 9 6
388 31 3
389 12 11
390 41 2
391 10 11
392 46 6
393 9 3
394 11 11
395 54 10
396 43 8
397 14 10
398 40 11
399 7 4
400 32 5
401 17 7
402 40 9
403 28 7
404 2 10
405 14 3
406 52 2
407 46 8
408 20 5
409 19 3
410 6 4
411 36 3
412 16 11
413 7 8
414 49 5
415 36 5
416 18 10
417 52 5
418 8 7
419 16 9
420 24 9
421 47 2
422 45 8
423 46 4
424 2 6
425 12 3
426 30 3
427 50 2
428 28 3
429 3 3
430 16 2
431 11 1
432 16 11
433 2 3
434 19 6
435 4 10
436 28 1
437 7 8
438 13 1
439 2 4
440 34 2
441 32 9
442 55 2
443 21 8
444 22 9
445 14 4
446 22 11
447 30 10
448 23 10
449 22 6
450 12 10
451 55 4
452 43 1
453 2 4
454 30 2
455 22 8
456 45 9
457 11 10
458 45 8
459 48 3
460 43 10
461 2 2
462 7 3
463 1 8
464 6 2
465 49 7
466 1 7
467 35 8
468 30 8
469 45 6
470 24 10
471 44 9
472 4 1
473 7 4
474 53 1
475 50 2
476 53 6
477 50 3
478 26 4
479 1 10
480 38 6
481 25 7
482 37 10
483 22 1
484 4 5
485 24 2
486 8 1
487 55 8
488 43 7
489 51 7
490 56 7
491 30 10
492 35 9
493 34 8
494 15 5
495 31 6
496 6 9
497 3 1
498 23 8
499 46 1
500 16 7
501 36 6
502 50 4
503 53 5
504 25 2
505 29 8
506 21 4
507 29 10
508 4 1
509 47 11
510 18 9
511 8 8
512 52 2
513 2 1
514 43 7
515 22 6
516 25 8
517 54 11
518 35 3
519 20 10
520 27 8
521 2 1
522 51 3
523 30 4
524 30 1
525 46 7
526 39 11
527 4 7
528 32 5
529 34 3
530 31 2
531 22 9
532 10 6
533 5 4
534 50 9
535 19 2
536 52 6
537 1 3
538 29 4
539 46 11
540 51 1
541 20 9
542 13 2
543 35 5
544 41 3
545 39 7
546 17 9
547 14 8
548 47 9
549 29 5
550 5 10
551 33 7
552 34 5
553 44 7
554 16 3
555 1 7
556 34 1
557 7 8
558 26 6
559 48 6
560 9 8
561 56 5
562 52 2
563 46 6
564 55 1
565 21 10
566 48 9
567 29 1
568 24 8
569 12 8
570 36 1
571 12 9
572 43 1
573 56 11
574 34 9
575 27 2
576 35 5
577 16 6
578 31 5
579 14 5
580 11 7
581 33 8
582 46 11
583 47 9
584 1 4
585 33 1
586 52 1
587 18 11
588 37 9
589 55 8
590 51 10
591 50 3
592 5 7
593 49 4
594 37 6
595 50 4
596 3 9
597 10 3
598 28 4
599 17 4
600 34 11
601 43 4
602 9 5
603 36 4
604 17 10
605 5 4
606 10 4
607 42 1
608 14 3
609 30 3
610 28 10
611 24 2
612 30 4
613 53 10
614 28 8
615 46 3
616 2 6
617 38 5
618 54 3
619 37 11
620 26 6
621 33 8
622 39 2
623 25 1
624 12 3
625 30 9
626 38 7
627 26 3
628 25 9
629 16 7
630 54 8
631 31 3
632 9 3
633 53 5
634 49 8
635 13 7
636 39 4
637 29 6
638 10 10
639 7 11
640 29 10
641 48 7
642 3 7
643 6 9
644 13 9
645 17 4
646 15 11
647 34 2
648 26 1
649 47 1
650 48 10
651 43 7
652 49 10
653 23 8
654 7 2
655 42 8
656 16 11
657 45 1
658 48 10
659 3 5
660 3 9
661 11 6
662 54 11
663 39 2
664 50 6
665 24 9
666 1 11
667 55 3
668 42 5
669 17 7
670 24 7
671 32 4
672 44 8
673 46 8
674 5 7
675 37 8
676 3 8
677 51 5
678 54 9
679 13 11
680 51 4
681 56 4
682 37 1
683 31 11
684 54 5
685 53 11
686 7 8
687 39 8
688 2 9
689 29 5
690 9 8
691 29 7
692 48 3
693 49 3
694 56 6
695 30 2
696 51 5
697 46 11
698 28 6
699 20 5
700 5 8
701 18 2
702 31 10
703 2 5
704 53 4
705 54 5
706 41 3
707 6 8
708 22 6
709 16 6
710 16 8
711 21 9
712 44 7
713 52 8
714 11 4
715 41 1
716 10 2
717 19 3
718 32 6
719 24 11
720 20 9
721 15 1
722 47 2
723 41 9
724 52 9
725 17 11
726 26 5
727 42 3
728 42 9
729 24 9
730 2 3
731 2 10
732 18 9
733 50 2
734 10 1
735 3 8
736 37 3
737 20 10
738 21 7
739 44 7
740 21 4
741 47 6
742 48 9
743 52 7
744 30 2
745 47 8
746 4 1
747 30 3
748 32 8
749 2 7
750 17 1
751 4 2
752 24 9
753 2 2
754 31 10
755 10 3
756 42 5
757 13 8
758 46 9
759 38 11
760 33 2
761 46 10
762 15 11
763 25 11
764 8 8
765 29 8
766 53 4
767 26 4
768 27 3
769 17 10
770 53 11
771 2 9
772 3 9
773 29 6
774 27 8
775 44 10
776 45 11
777 5 6
778 2 8
779 17 3
780 45 9
781 26 4
782 21 3
783 17 10
784 54 4
785 48 11
786 29 2
787 37 1
788 14 5
789 41 1
790 40 4
791 49 7
792 18 9
793 31 7
794 55 10
795 28 1
796 31 3
797 24 3
798 45 11
799 56 8
800 55 8
801 54 2
802 2 9
803 44 3
804 32 11
805 28 11
806 15 9
807 22 10
808 32 11
809 46 2
810 53 5
811 11 1
812 27 9
813 35 10
814 8 9
815 5 6
816 14 6
817 25 1
818 39 7
819 54 8
820 1 5
821 53 7
822 12 6
823 48 9
824 43 3
825 45 2
826 12 3
827 16 1
828 55 8
829 21 2
830 6 8
831 56 4
832 56 1
833 2 1
834 1 11
835 18 2
836 13 2
837 44 10
838 40 4
839 25 11
840 18 7
841 36 5
842 3 4
843 46 1
844 8 11
845 49 7
846 27 5
847 17 3
848 20 11
849 50 10
850 52 5
851 27 5
852 25 7
853 39 10
854 50 2
855 39 8
856 46 4
857 54 2
858 25 2
859 33 8
860 25 9
861 9 10
862 43 1
863 2 2
864 38 2
865 23 6
866 13 2
867 45 7
868 45 3
869 52 9
870 1 3
871 32 3
872 8 10
873 13 7
874 5 1
875 51 5
876 33 10
877 23 1
878 52 9
879 22 6
880 18 6
881 16 6
882 7 11
883 47 2
884 50 7
885 9 3
886 56 7
887 39 9
888 36 6
889 24 1
890 39 9
891 41 1
892 41 3
893 20 9
894 26 2
895 32 8
896 38 8
897 45 11
898 9 2
899 2 5
900 29 8
901 36 8
902 4 2
903 51 7
904 54 3
905 1 5
906 25 10
907 53 6
908 48 1
909 4 3
910 43 3
911 55 8
912 16 8
913 23 4
914 20 9
915 37 8
916 45 7
917 29 3
918 37 8
919 2 8
920 41 10
921 7 5
922 43 10
923 2 1
924 27 5
925 54 10
926 39 4
927 34 11
928 21 8
929 26 5
930 32 7
931 4 10
932 19 8
933 26 7
934 40 2
935 49 9
936 39 7
937 51 11
938 19 6
939 46 6
940 29 10
941 54 4
942 18 8
943 36 2
944 32 10
945 20 2
946 5 5
947 7 7
948 51 10
949 33 6
950 56 5
951 27 3
952 7 2
953 15 6
954 20 10
955 35 6
956 26 5
957 3 11
958 3 8
959 22 4
960 52 9
961 43 10
962 33 1
963 49 5
964 5 10
965 25 11
966 49 2
967 39 11
968 18 11
969 44 9
970 55 3
971 30 8
972 43 7
973 2 9
974 53 11
975 24 9
976 1 10
977 12 11
978 14 7
979 35 8
980 22 9
981 30 2
982 13 9
983 52 2
984 32 5
985 51 5
986 10 1
987 3 10
988 34 10
989 24 7
990 16 2
991 56 2
992 29 9
993 50 11
994 2 6
995 56 3
996 30 2
997 43 3
998 39 10
999 9 9
1000 9 9
1001 19 5
1002 37 3
1003 46 7
1004 34 4
1005 46 10
1006 20 9
1007 35 8
1008 52 2
1009 39 1
1010 26 8
1011 29 6
1012 55 1
1013 26 10
1014 55 2
1015 12 4
1016 40 3
1017 40 8
1018 10 11
1019 48 5
1020 13 8
1021 15 7
1022 29 3
1023 2 7
1024 26 10
1025 29 11
1026 23 10
1027 12 8
1028 38 10
1029 21 8
1030 40 9
1031 14 3
1032 49 3
1033 33 9
1034 55 5
1035 43 9
1036 55 5
1037 5 3
1038 34 10
1039 18 1
1040 21 6
1041 46 8
1042 12 2
1043 37 8
1044 10 2
1045 7 9
1046 16 8
1047 34 3
1048 7 5
1049 29 9
1050 37 8
1051 21 1
1052 11 2
1053 45 4
1054 22 2
1055 17 1
1056 20 3
1057 24 8
1058 6 2
1059 8 8
1060 46 5
1061 41 10
1062 2 4
1063 42 9
1064 45 11
1065 34 4
1066 1 5
1067 31 1
1068 51 4
1069 24 11
1070 24 9
1071 9 11
1072 17 4
1073 31 3
1074 49 10
1075 8 5
1076 20 6
1077 31 6
1078 44 7
1079 33 3
1080 33 11
1081 3 3
1082 24 5
1083 16 11
1084 2 11
1085 53 7
1086 9 5
1087 22 9
1088 16 2
1089 10 6
1090 36 3
1091 56 1
1092 39 4
1093 20 8
1094 25 2
1095 54 10
1096 55 11
1097 10 1
1098 20 11
1099 2 1
1100 42 5
1101 56 3
1102 12 6
1103 51 9
1104 39 10
1105 27 10
1106 3 8
1107 52 9
1108 53 5
1109 40 6
1110 54 8
1111 26 5
1112 12 2
1113 30 5
1114 1 9
1115 17 11
1116 8 9
1117 55 1
1118 54 3
1119 25 11
1120 50 10
1121 43 10
1122 38 11
1123 9 3
1124 40 3
1125 33 2
1126 33 8
1127 21 5
1128 20 6
1129 22 3
1130 25 9
1131 25 2
1132 11 8
1133 8 8
1134 18 11
1135 10 3
1136 40 11
1137 24 8
1138 33 7
1139 27 1
1140 34 10
1141 10 1
1142 11 6
1143 1 4
1144 33 9
1145 21 4
1146 41 6
1147 45 11
1148 49 5
1149 11 1
1150 49 9
1151 39 7
1152 35 6
1153 16 9
1154 16 9
1155 49 2
1156 3 6
1157 8 7
1158 7 6
1159 13 10
1160 52 2
1161 23 2
1162 31 6
1163 1 9
1164 33 5
1165 56 9
1166 7 3
1167 2 3
1168 48 1
1169 9 2
1170 44 4
1171 27 8
1172 19 4
1173 44 8
1174 54 4
1175 9 11
1176 52 3
1177 48 10
1178 50 4
1179 32 2
1180 44 7
1181 31 6
1182 6 8
1183 10 5
1184 49 10
1185 34 1
1186 3 8
1187 49 11
1188 47 4
1189 47 1
1190 50 10
1191 14 10
1192 51 6
1193 56 9
1194 3 3
1195 38 8
1196 53 1
1197 13 3
1198 11 3
1199 37 11
1200 8 11
1201 1 10
1202 32 8
1203 23 7
1204 37 11
1205 14 9
1206 1 11
1207 33 9
1208 12 2
1209 39 6
1210 54 8
1211 18 11
1212 38 11
1213 18 6
1214 9 6
1215 25 7
1216 4 6
1217 53 2
1218 14 4
1219 4 6
1220 17 11
1221 14 10
1222 5 9
1223 18 1
1224 49 5
1225 15 4
1226 31 11
1227 37 5
1228 11 10
1229 37 5
1230 29 8
1231 4 6
1232 14 2
1233 32 5
1234 33 11
1235 16 10
1236 45 3
1237 48 10
1238 26 3
1239 27 6
1240 23 3
1241 43 11
1242 39 4
1243 27 8
1244 51 9
1245 42 11
1246 1 2
1247 5 1
1248 50 6
1249 35 8
1250 56 10
1251 12 8
1252 52 9
1253 18 9
1254 18 9
1255 3 5
1256 54 2
1257 18 9
1258 2 11
1259 11 11
1260 19 5
1261 51 9
1262 31 1
1263 38 3
1264 36 10
1265 17 3
1266 25 6
1267 12 2
1268 44 10
1269 8 9
1270 2 11
1271 6 1
1272 33 6
1273 45 7
1274 18 4
1275 43 8
1276 21 4
1277 43 8
1278 11 10
1279 30 9
1280 24 6
1281 37 11
1282 22 8
1283 28 6
1284 33 1
1285 3 10
1286 51 1
1287 28 11
1288 52 6
1289 47 3
1290 54 4
1291 8 6
1292 30 11
1293 3 3
1294 27 5
1295 1 9
1296 44 1
1297 10 10
1298 46 7
1299 9 7
1300 37 3
1301 27 7
1302 7 6
1303 28 4
1304 2 11
1305 52 11
1306 38 9
1307 47 11
1308 44 2
1309 29 9
1310 1 5
1311 32 7
1312 15 5
1313 27 5
1314 39 6
1315 16 4
1316 43 4
1317 7 2
1318 51 3
1319 48 10
1320 25 4
1321 48 4
1322 32 3
1323 39 10
1324 18 8
1325 16 5
1326 17 5
1327 20 3
1328 14 6
1329 24 1
1330 33 8
1331 29 1
1332 33 3
1333 46 6
1334 2 11
1335 5 4
1336 28 7
1337 23 1
1338 20 10
1339 2 4
1340 45 6
1341 9 5
1342 41 9
1343 7 11
1344 44 7
1345 27 9
1346 27 1
1347 39 1
1348 35 7
1349 35 10
1350 22 3
1351 55 1
1352 5 8
1353 17 7
1354 49 3
1355 53 8
1356 41 4
1357 33 7
1358 55 2
1359 23 10
1360 51 11
1361 7 11
1362 2 11
1363 46 8
1364 4 4
1365 15 8
1366 5 11
1367 22 1
1368 16 1
1369 17 7
1370 49 8
1371 52 5
1372 9 9
1373 24 9
1374 33 10
1375 48 1
1376 8 5
1377 45 9
1378 44 5
1379 18 8
1380 13 11
1381 36 3
1382 28 2
1383 13 9
1384 36 8
1385 40 8
1386 54 11
1387 37 11
1388 28 4
1389 21 4
1390 39 10
1391 51 10
1392 4 3
1393 48 5
1394 55 3
1395 22 11
1396 1 7
1397 44 2
1398 45 7
1399 39 1
1400 24 1
1401 3 7
1402 49 6
1403 5 2
1404 46 11
1405 18 10
1406 8 11
1407 43 6
1408 30 7
1409 50 2
1410 15 5
1411 46 2
1412 40 10
1413 52 1
1414 36 4
1415 52 4
1416 12 5
1417 52 5
1418 56 3
1419 45 7
1420 9 7
1421 9 7
1422 47 6
1423 21 7
1424 36 10
1425 19 6
1426 53 6
1427 51 8
1428 1 3
1429 48 11
1430 3 3
1431 35 10
1432 46 7
1433 14 1
1434 9 1
1435 34 2
1436 12 1
1437 42 8
1438 16 11
1439 55 6
1440 20 7
1441 12 6
1442 18 11
1443 37 8
1444 19 7
1445 31 4
1446 37 2
1447 10 6
1448 17 10
1449 36 3
1450 31 9
1451 18 4
1452 13 6
1453 9 8
1454 20 8
1455 37 3
1456 14 1
1457 11 1
1458 18 9
1459 13 9
1460 20 1
1461 5 6
1462 9 6
1463 49 6
1464 24 9
1465 8 6
1466 1 10
1467 49 2
1468 14 5
1469 11 6
1470 26 10
1471 16 6
1472 19 11
1473 50 6
1474 20 5
1475 38 6
1476 43 8
1477 36 4
1478 53 1
1479 24 10
1480 6 8
1481 8 7
1482 33 4
1483 38 10
1484 22 7
1485 2 9
1486 43 5
1487 36 9
1488 25 8
1489 25 8
1490 28 10
1491 51 2
1492 18 6
1493 53 4
1494 8 5
1495 45 7
1496 23 6
1497 26 8
1498 11 1
1499 10 5
1500 35 1
1501 21 10
1502 45 6
1503 47 2
1504 36 1
1505 18 3
1506 45 2
1507 46 1
1508 8 4
1509 49 3
1510 38 1
1511 9 4
1512 31 4
1513 52 7
1514 41 3
1515 37 7
1516 33 11
1517 28 6
1518 19 6
1519 52 11
1520 50 2
1521 18 8
1522 1 10
1523 50 6
1524 13 9
1525 18 1
1526 47 9
1527 10 2
1528 15 8
1529 52 6
1530 13 3
1531 21 3
1532 47 3
1533 51 11
1534 18 2
1535 46 6
1536 7 11
1537 52 6
1538 21 1
1539 41 4
1540 16 7
1541 16 6
1542 49 4
1543 31 3
1544 27 8
1545 23 9
1546 23 8
1547 48 6
1548 13 5
1549 54 1
1550 17 8
1551 26 11
1552 22 5
1553 46 11
1554 44 5
1555 11 9
1556 38 6
1557 15 11
1558 2 7
1559 42 6
1560 2 1
1561 1 9
1562 26 5
1563 29 11
1564 28 11
1565 52 5
1566 55 9
1567 7 5
1568 23 4
1569 40 10
1570 9 6
1571 25 5
1572 45 2
1573 48 2
1574 36 5
1575 5 1
1576 49 4
1577 30 5
1578 55 4
1579 25 2
1580 18 2
1581 11 10
1582 55 7
1583 10 10
1584 11 5
1585 21 9
1586 8 10
1587 30 5
1588 34 7
1589 34 8
1590 36 6
1591 53 4
1592 21 9
1593 30 7
1594 16 11
1595 31 11
1596 19 1
1597 43 2
1598 54 10
1599 51 10
1600 6 7
1601 54 11
1602 47 4
1603 3 1
1604 19 6
1605 10 4
1606 14 8
1607 17 10
1608 52 1
1609 22 1
1610 49 8
1611 46 5
1612 37 2
1613 1 11
1614 51 4
1615 39 9
1616 2 10
1617 31 10
1618 5 4
1619 2 6
1620 32 4
1621 34 1
1622 49 3
1623 29 5
1624 45 2
1625 19 6
1626 14 5
1627 53 8
1628 26 8
1629 36 3
1630 41 2
1631 21 9
1632 50 2
1633 53 11
1634 43 7
1635 17 7
1636 33 3
1637 5 7
1638 19 9
1639 18 6
1640 13 1
1641 55 8
1642 45 2
1643 11 8
1644 53 4
1645 53 1
1646 3 9
1647 51 4
1648 20 2
1649 38 5
1650 24 4
1651 45 10
1652 45 2
1653 36 1
1654 20 1
1655 10 7
1656 44 4
1657 52 3
1658 13 7
1659 22 11
1660 26 11
1661 15 1
1662 15 11
1663 18 8
1664 43 5
1665 25 5
1666 11 6
1667 20 10
1668 34 9
1669 21 4
1670 6 1
1671 36 11
1672 53 8
1673 43 5
1674 50 11
1675 20 6
1676 53 2
1677 44 5
1678 51 5
1679 43 5
1680 26 2
1681 28 7
1682 50 9
1683 35 8
1684 22 9
1685 45 10
1686 17 9
1687 16 7
1688 54 4
1689 10 10
1690 35 11
1691 22 10
1692 32 3
1693 27 10
1694 8 7
1695 52 11
1696 7 5
1697 31 9
1698 22 10
1699 18 3
1700 48 6
1701 23 4
1702 20 9
1703 37 1
1704 53 6
1705 23 6
1706 45 4
1707 11 8
1708 38 2
1709 21 11
1710 38 8
1711 42 1
1712 35 2
1713 45 9
1714 18 2
1715 36 7
1716 27 9
1717 35 5
1718 41 10
1719 30 3
1720 13 5
1721 52 5
1722 26 5
1723 52 7
1724 48 4
1725 1 3
1726 42 6
1727 13 6
1728 51 11
1729 14 8
1730 47 10
1731 56 2
1732 21 5
1733 45 11
1734 42 9
1735 26 8
1736 54 10
1737 21 4
1738 52 8
1739 28 11
1740 29 11
1741 12 10
1742 26 9
1743 38 5
1744 16 10
1745 10 5
1746 47 10
1747 55 5
1748 19 8
1749 39 9
1750 28 2
1751 30 10
1752 53 10
1753 38 1
1754 30 3
1755 11 2
1756 20 2
1757 2 10
1758 22 2
1759 54 8
1760 48 4
1761 4 10
1762 17 3
1763 29 9
1764 1 4
1765 1 8
1766 54 8
1767 21 1
1768 42 5
1769 33 2
1770 33 4
1771 28 2
1772 23 1
1773 3 8
1774 20 1
1775 18 4
1776 13 6
1777 31 8
1778 54 8
1779 23 5
1780 34 9
1781 18 8
1782 31 9
1783 26 9
1784 3 5
1785 13 7
1786 36 10
1787 9 11
1788 10 3
1789 47 1
1790 29 11
1791 5 6
1792 32 4
1793 44 8
1794 5 11
1795 55 10
1796 28 2
1797 7 6
1798 42 7
1799 36 6
1800 14 3
1801 7 2
1802 3 9
1803 32 10
1804 1 2
1805 38 3
1806 36 10
1807 1 9
1808 39 1
1809 52 10
1810 44 5
1811 2 8
1812 23 4
1813 12 6
1814 4 2
1815 47 7
1816 17 6
1817 19 10
1818 38 2
1819 16 7
1820 44 7
1821 31 2
1822 44 3
1823 29 1
1824 38 2
1825 1 6
1826 9 6
1827 7 10
1828 34 8
1829 19 3
1830 12 2
1831 9 6
1832 43 7
1833 48 2
1834 49 4
1835 50 7
1836 46 3
1837 25 4
1838 53 7
1839 21 6
1840 28 1
1841 54 9
1842 7 8
1843 50 5
1844 29 11
1845 3 4
1846 33 7
1847 3 8
1848 17 9
1849 20 4
1850 44 6
1851 7 2
1852 1 8
1853 41 6
1854 17 11
1855 39 8
1856 3 4
1857 52 3
1858 13 3
1859 53 6
1860 23 10
1861 45 2
1862 50 10
1863 55 3
1864 4 10
1865 4 8
1866 49 11
1867 7 7
1868 18 7
1869 56 11
1870 22 8
1871 52 9
1872 18 6
1873 42 11
1874 41 2
1875 36 10
1876 28 1
1877 17 7
1878 9 11
1879 4 8
1880 42 7
1881 54 2
1882 32 10
1883 3 6
1884 19 9
1885 56 7
1886 42 7
1887 21 1
1888 51 7
1889 48 6
1890 3 8
1891 24 11
1892 15 1
1893 8 11
1894 52 3
1895 9 1
1896 32 5
1897 11 11
1898 24 4
1899 54 5
1900 13 6
1901 51 11
1902 40 4
1903 42 7
1904 41 10
1905 17 5
1906 19 3
1907 13 11
1908 50 4
1909 38 4
1910 33 6
1911 6 7
1912 35 11
1913 41 1
1914 11 7
1915 48 10
1916 53 9
1917 45 8
1918 28 8
1919 9 7
1920 56 7
1921 1 4
1922 25 7
1923 9 10
1924 8 4
1925 8 10
1926 12 3
1927 14 10
1928 28 11
1929 20 8
1930 30 9
1931 54 4
1932 31 3
1933 21 11
1934 27 7
1935 9 4
1936 23 1
1937 22 10
1938 52 9
1939 28 5
1940 19 10
1941 54 9
1942 24 10
1943 13 6
1944 11 11
1945 45 10
1946 32 3
1947 24 5
1948 53 6
1949 54 9
1950 47 6
1951 12 10
1952 39 4
1953 5 2
1954 29 2
1955 52 8
1956 38 5
1957 25 3
1958 34 5
1959 1 5
1960 4 6
1961 9 7
1962 2 11
1963 3 2
1964 42 2
1965 44 6
1966 14 1
1967 18 10
1968 16 9
1969 4 1
1970 43 8
1971 52 6
1972 43 2
1973 33 5
1974 18 10
1975 6 10
1976 20 8
1977 33 3
1978 27 7
1979 23 1
1980 28 4
1981 23 10
1982 4 3
1983 51 4
1984 15 5
1985 51 9
1986 48 7
1987 29 4
1988 20 7
1989 10 7
1990 1 10
1991 7 10
1992 33 3
1993 13 3
1994 43 3
1995 13 8
1996 55 3
1997 26 8
1998 35 11
1999 55 4
2000 38 4
2001 21 2
2002 41 10
2003 12 2
2004 27 8
2005 14 11
2006 56 6
2007 31 1
2008 36 4
2009 21 8
2010 45 7
2011 48 5
2012 55 2
2013 41 1
2014 40 2
2015 28 1
2016 51 6
2017 9 3
2018 31 10
2019 12 4
2020 37 4
2021 34 7
2022 33 10
2023 43 10
2024 36 10
2025 52 1
2026 35 9
2027 13 3
2028 8 4
2029 16 2
2030 30 11
2031 3 2
2032 28 8
2033 55 6
2034 16 1
2035 52 8
2036 25 1
2037 39 11
2038 31 1
2039 16 3
2040 26 8
2041 2 1
2042 32 1
2043 49 11
2044 9 2
2045 56 6
2046 36 8
2047 41 10
2048 2 9
2049 52 9
2050 30 7
2051 32 7
2052 14 5
2053 44 1
2054 48 3
2055 17 7
2056 14 9
2057 2 6
2058 48 6
2059 13 1
2060 8 9
2061 18 1
2062 19 2
2063 17 7
2064 22 1
2065 50 7
2066 41 10
2067 14 10
2068 18 11
2069 14 2
2070 29 5
2071 26 7
2072 15 8
2073 35 3
2074 13 8
2075 16 8
2076 18 2
2077 14 5
2078 11 4
2079 31 2
2080 14 4
2081 27 5
2082 31 6
2083 2 4
2084 6 11
2085 14 4
2086 50 9
2087 52 6
2088 1 8
2089 17 4
2090 6 11
2091 22 6
2092 52 9
2093 31 10
2094 53 10
2095 55 4
2096 46 4
2097 1 9
2098 23 6
2099 29 6
2100 38 10
2101 30 11
2102 2 9
2103 29 2
2104 35 9
2105 3 11
2106 39 4
2107 17 2
2108 23 10
2109 14 7
2110 24 7
2111 40 8
2112 41 6
2113 48 4
2114 26 4
2115 30 11
2116 36 1
2117 34 9
2118 27 5
2119 20 1
2120 18 10
2121 13 11
2122 35 2
2123 33 11
2124 43 6
2125 24 4
2126 2 8
2127 31 9
2128 19 2
2129 51 5
2130 40 11
2131 56 9
2132 6 2
2133 5 6
2134 5 9
2135 34 3
2136 24 10
2137 44 1
2138 34 11
2139 10 1
2140 15 6
2141 7 8
2142 11 11
2143 27 8
2144 9 4
2145 28 6
2146 19 7
2147 14 1
2148 55 8
2149 16 7
2150 16 3
2151 25 2
2152 21 10
2153 36 10
2154 26 6
2155 7 7
2156 18 11
2157 36 7
2158 11 3
2159 14 2
2160 37 9
2161 20 6
2162 22 7
2163 23 11
2164 26 9
2165 5 9
2166 30 11
2167 24 2
2168 4 9
2169 25 10
2170 23 10
2171 45 7
2172 38 3
2173 55 11
2174 17 9
2175 15 9
2176 5 1
2177 54 7
2178 34 4
2179 10 2
2180 53 2
2181 5 5
2182 53 11
2183 49 5
2184 28 5
2185 22 1
2186 29 10
2187 12 3
2188 46 11
2189 38 6
2190 2 2
2191 44 5
2192 47 2
2193 5 11
2194 34 4
2195 40 3
2196 52 6
2197 53 3
2198 19 4
2199 44 5
2200 33 3
2201 28 8
2202 29 3
2203 28 4
2204 35 10
2205 36 5
2206 41 7
2207 15 8
2208 50 3
2209 33 1
2210 12 7
2211 49 9
2212 20 1
2213 53 4
2214 18 3
2215 42 6
2216 13 3
2217 55 2
2218 43 3
2219 46 6
2220 14 10
2221 30 4
2222 22 11
2223 1 4
2224 26 6
2225 24 2
2226 8 4
2227 38 6
2228 11 3
2229 54 8
2230 43 7
2231 17 11
2232 43 9
2233 51 2
2234 30 2
2235 27 6
2236 20 7
2237 11 1
2238 41 4
2239 8 1
2240 5 7
2241 3 9
2242 46 9
2243 1 3
2244 8 1
2245 27 2
2246 30 7
2247 20 11
2248 26 4
2249 12 7
2250 26 7
2251 12 6
2252 26 10
2253 21 10
2254 27 2
2255 33 1
2256 42 8
2257 49 1
2258 31 2
2259 32 9
2260 38 10
2261 2 7
2262 24 8
2263 2 2
2264 22 8
2265 43 7
2266 19 8
2267 41 9
2268 35 11
2269 42 9
2270 56 10
2271 37 11
2272 24 11
2273 7 3
2274 50 7
2275 5 9
2276 24 4
2277 42 8
2278 15 10
2279 39 11
2280 33 4
2281 49 11
2282 9 5
2283 36 10
2284 21 4
2285 8 1
2286 2 7
2287 32 3
2288 42 7
2289 49 11
2290 15 3
2291 45 7
2292 33 1
2293 14 5
2294 28 1
2295 9 3
2296 18 10
2297 54 7
2298 15 6
2299 26 7
2300 45 6
2301 1 4
2302 46 8
2303 22 11
2304 2 1
2305 18 2
2306 50 3
2307 6 10
2308 45 7
2309 45 4
2310 44 9
2311 14 5
2312 40 1
2313 24 4
2314 55 8
2315 56 8
2316 5 3
2317 15 4
2318 24 4
2319 9 1
2320 25 6
2321 22 7
2322 48 3
2323 33 2
2324 8 1
2325 35 2
2326 52 2
2327 33 10
2328 36 10
2329 50 2
2330 15 3
2331 51 3
2332 1 1
2333 4 10
2334 14 7
2335 16 8
2336 32 7
2337 28 7
2338 27 4
2339 9 3
2340 23 1
2341 27 3
2342 9 1
2343 32 9
2344 44 8
2345 32 1
2346 43 6
2347 28 1
2348 3 8
2349 15 10
2350 52 3
2351 14 7
2352 1 7
2353 33 11
2354 3 10
2355 34 1
2356 39 1
2357 36 5
2358 27 9
2359 39 6
2360 53 4
2361 1 4
2362 4 7
2363 49 8
2364 20 3
2365 46 6
2366 16 9
2367 24 5
2368 25 1
2369 30 11
2370 33 4
2371 11 3
2372 7 3
2373 51 10
2374 24 3
2375 55 9
2376 40 5
2377 54 8
2378 10 6
2379 14 7
2380 16 2
2381 28 3
2382 42 5
2383 13 7
2384 47 2
2385 29 1
2386 1 6
2387 38 5
2388 52 7
2389 1 4
2390 55 7
2391 49 8
2392 17 9
2393 33 6
2394 17 3
2395 28 6
2396 55 9
2397 50 5
2398 51 3
2399 32 2
2400 50 7
2401 1 5
2402 34 11
2403 30 4
2404 39 9
2405 14 8
2406 42 8
2407 9 8
2408 33 8
2409 49 7
2410 49 4
2411 2 10
2412 22 1
2413 38 7
2414 17 7
2415 27 6
2416 45 4
2417 40 1
2418 26 5
2419 21 8
2420 52 9
2421 17 8
2422 25 4
2423 17 6
2424 31 6
2425 17 1
2426 40 10
2427 48 2
2428 17 1
2429 5 6
2430 25 5
2431 53 4
2432 10 11
2433 49 6
2434 31 10
2435 37 8
2436 49 9
2437 21 9
2438 30 3
2439 51 2
2440 45 6
2441 46 6
2442 38 10
2443 50 5
2444 49 10
2445 36 4
2446 14 4
2447 8 10
2448 20 3
2449 49 11
2450 42 7
2451 38 6
2452 26 10
2453 32 11
2454 12 7
2455 29 2
2456 25 3
2457 52 1
2458 15 7
2459 32 1
2460 9 4
2461 10 10
2462 29 5
2463 43 9
2464 42 7
2465 1 5
2466 14 8
2467 43 3
2468 38 1
2469 26 4
2470 33 7
2471 38 8
2472 11 4
2473 11 9
2474 41 9
2475 41 8
2476 9 1
2477 56 3
2478 42 9
2479 41 4
2480 39 4
2481 31 10
2482 8 5
2483 40 8
2484 2 7
2485 1 8
2486 7 7
2487 6 1
2488 40 8
2489 53 9
2490 17 7
2491 32 4
2492 51 2
2493 27 9
2494 17 4
2495 1 11
2496 20 11
2497 2 4
2498 23 7
2499 28 4
2500 23 8
2501 37 11
2502 19 6
2503 18 1
2504 13 10
2505 3 7
2506 37 9
2507 5 1
2508 49 10
2509 40 1
2510 32 10
2511 45 1
2512 53 3
2513 44 4
2514 51 1
2515 16 2
2516 3 10
2517 38 9
2518 40 5
2519 20 4
2520 19 7
2521 15 11
2522 42 6
2523 36 4
2524 38 1
2525 31 6
2526 39 11
2527 54 2
2528 14 4
2529 45 10
2530 49 8
2531 31 1
2532 51 5
2533 44 10
2534 52 5
2535 42 1
2536 8 9
2537 33 11
2538 41 4
2539 42 6
2540 51 2
2541 46 9
2542 14 9
2543 33 1
2544 16 6
2545 41 10
2546 26 9
2547 36 7
2548 4 7
2549 3 10
2550 15 8
2551 51 7
2552 35 6
2553 49 11
2554 13 6
2555 10 6
2556 22 8
2557 46 7
2558 24 10
2559 55 3
2560 18 9
2561 10 8
2562 39 8
2563 21 7
2564 37 11
2565 53 11
2566 21 11
2567 29 3
2568 8 3
2569 51 4
2570 52 6
2571 19 9
2572 32 7
2573 5 2
2574 14 1
2575 39 11
2576 6 8
2577 19 5
2578 31 5
2579 4 7
2580 46 6
2581 43 9
2582 6 3
2583 23 10
2584 22 9
2585 24 1
2586 12 11
2587 43 5
2588 6 1
2589 17 3
2590 13 2
2591 3 11
2592 17 10
2593 37 7
2594 20 8
2595 43 9
2596 55 7
2597 12 3
2598 43 1
2599 29 1
2600 25 10
2601 37 9
2602 14 2
2603 3 11
2604 47 4
2605 36 1
2606 7 9
2607 39 10
2608 12 4
2609 1 5
2610 23 8
2611 33 9
2612 26 9
2613 14 10
2614 34 8
2615 11 2
2616 7 5
2617 53 7
2618 12 10
2619 49 8
2620 54 6
2621 9 8
2622 1 5
2623 30 11
2624 45 11
2625 55 3
2626 49 2
2627 32 5
2628 10 2
2629 14 4
2630 22 5
2631 38 9
2632 33 9
2633 38 8
2634 43 7
2635 18 9
2636 23 11
2637 35 11
2638 37 10
2639 49 5
2640 49 3
2641 18 8
2642 51 10
2643 30 1
2644 40 7
2645 19 9
2646 27 7
2647 51 9
2648 9 4
2649 27 6
2650 50 3
2651 29 8
2652 28 6
2653 23 10
2654 1 7
2655 43 11
2656 33 7
2657 48 2
2658 1 1
2659 20 6
2660 36 1
2661 1 9
2662 50 1
2663 30 11
2664 26 4
2665 37 10
2666 45 4
2667 22 2
2668 51 4
2669 48 1
2670 3 8
2671 43 6
2672 7 6
2673 28 5
2674 40 11
2675 19 1
2676 55 7
2677 56 4
2678 48 2
2679 10 3
2680 42 4
2681 45 11
2682 15 4
2683 48 7
2684 42 6
2685 36 2
2686 51 1
2687 41 4
2688 39 10
2689 31 5
2690 21 5
2691 56 1
2692 5 3
2693 21 5
2694 23 8
2695 54 10
2696 30 1
2697 44 5
2698 4 8
2699 2 5
2700 3 9
2701 30 2
2702 4 5
2703 54 4
2704 44 3
2705 15 1
2706 23 10
2707 2 1
2708 32 6
2709 52 2
2710 25 1
2711 16 10
2712 20 4
2713 53 4
2714 46 3
2715 53 7
2716 21 2
2717 29 8
2718 3 3
2719 38 3
2720 32 10
2721 35 3
2722 34 7
2723 25 2
2724 37 8
2725 43 1
2726 45 11
2727 45 4
2728 55 8
2729 24 5
2730 50 8
2731 13 10
2732 43 6
2733 46 7
2734 9 3
2735 34 1
2736 39 5
2737 23 10
2738 42 5
2739 4 6
2740 42 10
2741 13 2
2742 42 6
2743 43 10
2744 37 11
2745 55 10
2746 40 3
2747 18 1
2748 50 7
2749 34 1
2750 32 9
2751 49 4
2752 14 4
2753 29 10
2754 30 8
2755 14 5
2756 6 10
2757 50 6
2758 39 3
2759 28 2
2760 47 11
2761 43 11
2762 16 10
2763 41 2
2764 23 2
2765 30 2
2766 36 10
2767 9 2
2768 50 2
2769 26 7
2770 38 4
2771 46 3
2772 1 6
2773 4 1
2774 7 6
2775 9 2
2776 48 6
2777 35 2
2778 50 4
2779 37 3
2780 41 2
2781 51 11
2782 29 3
2783 8 11
2784 27 6
2785 13 7
2786 18 1
2787 17 7
2788 53 2
2789 19 4
2790 42 5
2791 44 9
2792 10 5
2793 25 3
2794 8 8
2795 46 6
2796 46 10
2797 44 9
2798 49 3
2799 3 10
2800 38 11
2801 17 6
2802 34 7
2803 20 3
2804 10 7
2805 22 2
2806 56 9
2807 32 7
2808 38 3
2809 49 5
2810 12 3
2811 27 6
2812 26 6
2813 32 9
2814 3 3
2815 36 7
2816 53 2
2817 54 4
2818 35 9
2819 27 9
2820 32 2
2821 12 9
2822 41 11
2823 19 5
2824 15 7
2825 14 4
2826 22 6
2827 50 5
2828 33 3
2829 38 8
2830 21 6
2831 16 6
2832 47 5
2833 49 9
2834 28 3
2835 1 8
2836 31 7
2837 24 9
2838 4 9
2839 21 5
2840 38 4
2841 41 9
2842 41 4
2843 43 10
2844 55 2
2845 31 8
2846 35 1
2847 22 4
2848 20 6
2849 47 1
2850 44 7
2851 17 9
2852 26 2
2853 48 10
2854 41 10
2855 23 8
2856 37 9
2857 42 10
2858 9 7
2859 10 10
2860 9 2
2861 51 4
2862 56 6
2863 5 11
2864 44 4
2865 49 7
2866 3 3
2867 9 8
2868 4 2
2869 28 7
2870 20 9
2871 50 5
2872 15 1
2873 41 3
2874 39 8
2875 34 4
2876 31 9
2877 13 1
2878 4 11
2879 2 3
2880 34 9
2881 27 5
2882 49 11
2883 31 10
2884 19 8
2885 28 3
2886 15 3
2887 28 10
2888 27 7
2889 54 4
2890 53 1
2891 17 10
2892 53 6
2893 26 11
2894 8 6
2895 36 9
2896 40 5
2897 15 6
2898 48 5
2899 38 4
2900 28 8
2901 34 10
2902 23 5
2903 54 9
2904 56 7
2905 44 2
2906 47 8
2907 49 2
2908 3 10
2909 6 5
2910 45 7
2911 25 9
2912 54 10
2913 38 5
2914 2 2
2915 56 7
2916 17 7
2917 46 7
2918 28 8
2919 1 3
2920 24 9
2921 1 7
2922 39 6
2923 4 7
2924 32 7
2925 16 1
2926 43 2
2927 39 5
2928 44 4
2929 6 7
2930 30 6
2931 46 6
2932 31 11
2933 7 4
2934 29 9
2935 40 2
2936 32 8
2937 36 5
2938 24 3
2939 50 7
2940 8 11
2941 23 10
2942 53 5
2943 21 4
2944 14 4
2945 6 10
2946 24 6
2947 53 9
2948 53 9
2949 40 7
2950 19 9
2951 52 9
2952 3 11
2953 43 4
2954 4 4
2955 55 1
2956 55 6
2957 48 9
2958 39 4
2959 12 5
2960 12 6
2961 4 7
2962 51 9
2963 39 9
2964 3 4
2965 20 11
2966 41 6
2967 8 1
2968 8 11
2969 40 7
2970 29 4
2971 6 1
2972 19 11
2973 48 6
2974 29 1
2975 8 11
2976 50 1
2977 51 9
2978 32 1
2979 2 8
2980 34 4
2981 52 7
2982 32 4
2983 24 3
2984 48 6
2985 29 3
2986 29 2
2987 2 7
2988 33 5
2989 52 1
2990 40 1
2991 56 11
2992 28 2
2993 11 6
2994 9 1
2995 4 5
2996 5 1
2997 19 1
2998 11 3
2999 44 6
3000 20 3
3001 32 5
3002 55 4
3003 36 6
3004 14 7
3005 9 3
3006 33 8
3007 17 2
3008 13 8
3009 23 7
3010 21 11
3011 43 4
3012 25 1
3013 36 7
3014 8 9
3015 32 9
3016 26 9
3017 34 6
3018 25 4
3019 13 10
3020 26 11
3021 8 5
3022 39 4
3023 26 5
3024 29 1
3025 27 6
3026 56 9
3027 50 4
3028 11 10
3029 22 9
3030 7 10
3031 20 5
3032 32 5
3033 43 10
3034 47 6
3035 6 10
3036 37 1
3037 46 3
3038 23 9
3039 11 7
3040 28 9
3041 39 10
3042 18 8
3043 13 11
3044 36 1
3045 14 5
3046 9 11
3047 51 4
3048 42 8
3049 7 5
3050 24 2
3051 21 8
3052 26 1
3053 42 11
3054 45 4
3055 9 7
3056 41 7
3057 33 3
3058 43 8
3059 2 7
3060 27 6
3061 46 8
3062 5 7
3063 26 7
3064 2 1
3065 18 2
3066 13 5
3067 6 8
3068 45 1
3069 37 7
3070 33 11
3071 44 1
3072 9 5
3073 21 5
3074 40 7
3075 42 7
3076 30 10
3077 48 11
3078 11 11
3079 13 10
3080 4 9
3081 30 7
3082 17 4
3083 34 2
3084 22 8
3085 7 5
3086 34 1
3087 28 2
3088 19 5
3089 25 11
3090 37 11
3091 53 10
3092 45 7
3093 30 1
3094 9 2
3095 12 7
3096 54 8
3097 31 5
3098 40 3
3099 2 3
3100 20 5
3101 34 5
3102 14 8
3103 6 6
3104 51 9
3105 9 10
3106 37 5
3107 30 2
3108 43 10
3109 5 11
3110 16 11
3111 9 11
3112 19 1
3113 19 4
3114 20 8
3115 9 1
3116 8 11
3117 34 9
3118 18 2
3119 23 9
3120 20 8
3121 53 5
3122 47 9
3123 13 2
3124 50 9
3125 41 2
3126 53 7
3127 50 1
3128 41 7
3129 32 10
3130 20 2
3131 33 11
3132 41 6
3133 14 6
3134 8 10
3135 6 9
3136 53 11
3137 30 2
3138 22 5
3139 17 1
3140 26 11
3141 38 1
3142 13 5
3143 44 2
3144 11 11
3145 40 1
3146 25 1
3147 52 7
3148 52 9
3149 55 3
3150 46 11
3151 55 5
3152 51 9
3153 33 10
3154 35 8
3155 24 4
3156 31 6
3157 33 9
3158 51 6
3159 32 1
3160 4 3
3161 3 6
3162 49 9
3163 30 1
3164 9 6
3165 31 8
3166 49 10
3167 11 9
3168 2 2
3169 24 8
3170 20 1
3171 1 9
3172 22 8
3173 6 5
3174 37 6
3175 20 4
3176 11 1
3177 13 11
3178 13 11
3179 12 7
3180 18 1
3181 15 3
3182 53 9
3183 5 5
3184 14 3
3185 9 6
3186 33 1
3187 31 6
3188 45 8
3189 46 8
3190 25 4
3191 48 1
3192 10 3
3193 47 4
3194 48 10
3195 20 10
3196 51 2
3197 27 11
3198 1 3
3199 52 9
3200 41 4
3201 49 10
3202 18 11
3203 25 10
3204 5 9
3205 16 1
3206 13 7
3207 53 2
3208 55 5
3209 24 11
3210 13 1
3211 16 6
3212 28 5
3213 17 5
3214 32 10
3215 7 2
3216 1 6
3217 18 5
3218 43 2
3219 46 11
3220 56 3
3221 25 1
3222 55 10
3223 25 5
3224 48 11
3225 34 8
3226 47 3
3227 46 9
3228 20 7
3229 36 5
3230 16 9
3231 35 5
3232 30 2
3233 34 7
3234 36 2
3235 50 7
3236 3 5
3237 12 5
3238 44 8
3239 5 5
3240 20 1
3241 29 9
3242 4 7
3243 6 7
3244 20 2
3245 23 3
3246 43 4
3247 32 7
3248 19 3
3249 19 11
3250 48 5
3251 16 6
3252 2 2
3253 20 5
3254 16 10
3255 48 5
3256 42 7
3257 29 9
3258 30 4
3259 41 7
3260 11 2
3261 1 11
3262 38 4
3263 8 3
3264 56 3
3265 47 7
3266 18 6
3267 46 5
3268 48 1
3269 35 4
3270 25 6
3271 25 6
3272 30 1
3273 3 4
3274 31 7
3275 55 8
3276 40 11
3277 6 2
3278 55 4
3279 42 4
3280 54 9
3281 41 3
3282 12 8
3283 27 11
3284 28 4
3285 2 11
3286 25 11
3287 4 1
3288 22 3
3289 50 2
3290 53 10
3291 31 11
3292 35 10
3293 30 7
3294 34 1
3295 22 10
3296 51 4
3297 43 8
3298 12 8
3299 30 2
3300 20 3
3301 35 11
3302 49 6
3303 25 10
3304 13 3
3305 29 3
3306 52 5
3307 12 2
3308 22 4
3309 36 6
3310 11 6
3311 20 1
3312 30 5
3313 49 8
3314 11 6
3315 5 9
3316 44 7
3317 9 10
3318 10 7
3319 7 2
3320 27 5
3321 46 9
3322 29 11
3323 2 5
3324 23 6
3325 42 10
3326 8 7
3327 3 10
3328 26 2
3329 21 4
3330 8 8
3331 43 7
3332 46 4
3333 22 9
3334 20 8
3335 54 5
3336 47 8
3337 3 5
3338 51 11
3339 38 6
3340 23 11
3341 46 2
3342 2 3
3343 13 5
3344 33 10
3345 39 2
3346 11 1
3347 35 2
3348 16 3
3349 18 9
3350 49 11
3351 49 9
3352 53 4
3353 52 11
3354 18 7
3355 52 6
3356 8 4
3357 30 2
3358 5 10
3359 15 7
3360 22 5
3361 55 3
3362 7 9
3363 23 11
3364 2 11
3365 46 5
3366 52 2
3367 52 5
3368 34 9
3369 6 1
3370 53 6
3371 35 9
3372 12 9
3373 28 10
3374 1 4
3375 53 9
3376 46 8
3377 18 8
3378 48 1
3379 2 6
3380 30 6
3381 33 4
3382 46 11
3383 31 2
3384 6 6
3385 49 4
3386 12 3
3387 34 4
3388 18 2
3389 39 4
3390 7 1
3391 14 1
3392 8 6
3393 53 3
3394 26 2
3395 10 11
3396 33 5
3397 9 5
3398 37 9
3399 4 10
3400 44 9
3401 3 6
3402 18 8
3403 12 2
3404 37 1
3405 18 8
3406 33 3
3407 30 2
3408 13 10
3409 43 5
3410 11 4
3411 22 1
3412 22 11
3413 17 1
3414 19 11
3415 28 1
3416 51 11
3417 8 5
3418 54 10
3419 40 9
3420 31 2
3421 37 8
3422 3 6
3423 52 2
3424 56 5
3425 16 4
3426 52 5
3427 11 7
3428 49 10
3429 36 5
3430 37 5
3431 28 2
3432 42 5
3433 47 3
3434 18 1
3435 13 9
3436 20 11
3437 22 2
3438 23 7
3439 56 3
3440 12 9
3441 30 7
3442 43 4
3443 32 1
3444 9 10
3445 32 6
3446 51 9
3447 42 5
3448 55 8
3449 35 10
3450 22 9
3451 45 3
3452 38 10
3453 4 1
3454 50 8
3455 36 10
3456 17 11
3457 24 5
3458 51 10
3459 38 4
3460 22 11
3461 13 10
3462 20 3
3463 21 7
3464 11 11
3465 40 6
3466 22 7
3467 40 10
3468 40 1
3469 49 4
3470 22 4
3471 10 11
3472 44 11
3473 16 5
3474 47 3
3475 46 11
3476 42 6
3477 2 1
3478 22 7
3479 43 9
3480 47 4
3481 16 5
3482 33 8
3483 4 6
3484 54 1
3485 31 5
3486 1 9
3487 45 2
3488 30 6
3489 40 6
3490 34 11
3491 35 6
3492 43 1
3493 10 1
3494 31 4
3495 32 2
3496 15 11
3497 46 8
3498 16 10
3499 37 8
3500 6 4
3501 39 2
3502 52 7
3503 12 1
3504 40 7
3505 30 10
3506 29 9
3507 29 8
3508 47 9
3509 29 10
3510 7 10
3511 1 2
3512 4 1
3513 48 5
3514 3 2
3515 54 8
3516 12 6
3517 14 2
3518 21 2
3519 28 11
3520 30 5
3521 12 3
3522 4 7
3523 25 11
3524 2 10
3525 41 10
3526 37 10
3527 20 5
3528 41 4
3529 48 9
3530 15 9
3531 34 3
3532 4 11
3533 10 2
3534 1 7
3535 17 3
3536 37 5
3537 16 10
3538 53 5
3539 44 10
3540 4 6
3541 36 8
3542 6 4
3543 40 3
3544 25 6
3545 25 1
3546 45 4
3547 45 5
3548 53 1
3549 31 6
3550 32 7
3551 11 8
3552 33 11
3553 15 1
3554 30 9
3555 34 1
3556 39 7
3557 45 9
3558 46 8
3559 1 3
3560 9 1
3561 44 7
3562 9 7
3563 18 1
3564 24 8
3565 39 7
3566 26 4
3567 19 7
3568 21 7
3569 36 10
3570 24 6
3571 7 3
3572 7 8
3573 26 7
3574 8 6
3575 21 2
3576 4 8
3577 14 2
3578 33 10
3579 27 4
3580 32 7
3581 42 10
3582 5 11
3583 20 9
3584 37 2
3585 10 10
3586 23 8
3587 19 7
3588 51 8
3589 33 10
3590 3 8
3591 28 3
3592 2 4
3593 22 7
3594 36 7
3595 28 7
3596 24 1
3597 20 10
3598 55 10
3599 31 3
3600 45 2
3601 30 11
3602 31 4
3603 5 5
3604 53 4
3605 13 5
3606 3 2
3607 32 5
3608 32 10
3609 7 1
3610 55 9
3611 7 1
3612 30 7
3613 37 8
3614 24 4
3615 11 8
3616 27 7
3617 52 5
3618 31 5
3619 12 8
3620 40 10
3621 13 5
3622 24 3
3623 8 11
3624 50 2
3625 3 7
3626 17 5
3627 21 8
3628 54 10
3629 33 3
3630 19 1
3631 12 6
3632 17 10
3633 19 8
3634 25 10
3635 55 8
3636 49 5
3637 53 3
3638 39 10
3639 29 8
3640 15 8
3641 18 9
3642 35 6
3643 41 5
3644 24 8
3645 17 10
3646 13 7
3647 9 1
3648 45 4
3649 39 8
3650 21 1
3651 48 7
3652 2 7
3653 27 3
3654 13 6
3655 12 7
3656 33 7
3657 19 10
3658 46 7
3659 21 7
3660 39 7
3661 51 8
3662 33 5
3663 12 2
3664 39 4
3665 30 1
3666 46 6
3667 23 11
3668 45 5
3669 1 4
3670 15 11
3671 43 9
3672 14 8
3673 6 6
3674 18 6
3675 46 10
3676 13 9
3677 30 5
3678 25 8
3679 41 4
3680 22 1
3681 38 1
3682 54 6
3683 33 9
3684 56 10
3685 22 1
3686 5 9
3687 39 10
3688 16 5
3689 34 1
3690 8 7
3691 43 1
3692 9 10
3693 28 10
3694 10 10
3695 44 7
3696 33 9
3697 21 3
3698 13 6
3699 5 11
3700 18 11
3701 1 1
3702 23 5
3703 47 8
3704 36 5
3705 25 7
3706 10 7
3707 6 1
3708 21 5
3709 43 10
3710 31 2
3711 4 8
3712 20 9
3713 33 1
3714 17 5
3715 6 7
3716 55 3
3717 52 2
3718 9 3
3719 48 1
3720 45 4
3721 45 1
3722 35 7
3723 20 10
3724 56 11
3725 46 2
3726 5 3
3727 7 2
3728 19 11
3729 30 9
3730 8 3
3731 18 7
3732 49 9
3733 12 3
3734 19 1
3735 52 4
3736 37 6
3737 34 10
3738 46 5
3739 9 11
3740 56 8
3741 30 2
3742 34 7
3743 34 1
3744 11 8
3745 26 6
3746 24 10
3747 5 6
3748 45 2
3749 34 4
3750 15 11
3751 51 10
3752 33 2
3753 55 10
3754 10 10
3755 8 3
3756 6 10
3757 24 3
3758 2 5
3759 2 5
3760 21 3
3761 42 2
3762 9 7
3763 47 6
3764 56 6
3765 19 1
3766 1 11
3767 27 5
3768 46 3
3769 49 2
3770 28 9
3771 2 5
3772 56 1
3773 12 9
3774 27 8
3775 39 9
3776 1 2
3777 10 4
3778 29 10
3779 49 8
3780 51 8
3781 12 9
3782 3 6
3783 41 5
3784 56 10
3785 2 6
3786 25 10
3787 52 3
3788 40 11
3789 26 4
3790 32 9
3791 37 1
3792 14 2
3793 28 1
3794 5 8
3795 16 3
3796 17 2
3797 6 3
3798 17 9
3799 51 6
3800 5 9
3801 9 1
3802 16 1
3803 53 7
3804 16 2
3805 36 9
3806 55 3
3807 20 2
3808 34 6
3809 12 4
3810 7 6
3811 8 3
3812 27 9
3813 24 1
3814 10 4
3815 25 11
3816 23 4
3817 18 11
3818 52 10
3819 56 11
3820 36 5
3821 21 11
3822 17 9
3823 3 8
3824 47 8
3825 36 11
3826 13 8
3827 56 9
3828 46 10
3829 3 9
3830 8 4
3831 13 10
3832 3 8
3833 38 4
3834 11 7
3835 52 3
3836 47 10
3837 47 1
3838 2 1
3839 48 4
3840 40 6
3841 14 2
3842 14 5
3843 31 7
3844 34 8
3845 25 11
3846 21 3
3847 7 11
3848 22 1
3849 19 1
3850 12 7
3851 44 6
3852 22 5
3853 33 10
3854 56 2
3855 47 9
3856 27 10
3857 7 4
3858 22 9
3859 35 2
3860 1 2
3861 1 7
3862 39 10
3863 41 4
3864 2 3
3865 35 6
3866 19 3
3867 27 4
3868 54 3
3869 31 11
3870 45 5
3871 23 4
3872 6 3
3873 47 3
3874 34 5
3875 21 1
3876 25 3
3877 39 6
3878 43 7
3879 24 10
3880 47 8
3881 22 4
3882 2 1
3883 30 6
3884 18 8
3885 10 10
3886 42 7
3887 54 7
3888 9 11
3889 30 1
3890 10 5
3891 42 6
3892 1 9
3893 50 2
3894 28 6
3895 34 3
3896 16 4
3897 45 9
3898 9 7
3899 13 2
3900 22 3
3901 1 1
3902 49 9
3903 44 10
3904 40 1
3905 5 10
3906 37 6
3907 10 3
3908 22 6
3909 27 7
3910 47 10
3911 14 1
3912 6 1
3913 11 3
3914 27 5
3915 51 6
3916 45 2
3917 25 10
3918 11 10
3919 12 1
3920 35 1
3921 47 11
3922 56 7
3923 33 9
3924 44 4
3925 16 7
3926 33 10
3927 36 4
3928 7 7
3929 16 10
3930 24 6
3931 32 2
3932 25 7
3933 33 5
3934 22 10
3935 1 4
3936 51 7
3937 15 9
3938 50 8
3939 28 3
3940 13 10
3941 33 4
3942 41 1
3943 23 11
3944 16 11
3945 33 5
3946 8 5
3947 40 6
3948 22 8
3949 36 7
3950 31 3
3951 56 8
3952 32 5
3953 3 5
3954 22 3
3955 35 8
3956 10 5
3957 6 2
3958 42 11
3959 46 8
3960 5 9
3961 4 2
3962 33 5
3963 21 9
3964 9 1
3965 19 6
3966 14 4
3967 56 8
3968 29 6
3969 26 3
3970 48 2
3971 25 4
3972 14 10
3973 1 5
3974 20 2
3975 14 6
3976 10 5
3977 8 4
3978 15 4
3979 29 3
3980 54 4
3981 35 10
3982 49 3
3983 51 7
3984 44 9
3985 46 11
3986 1 10
3987 15 10
3988 13 8
3989 18 7
3990 29 1
3991 2 7
3992 7 11
3993 42 6
3994 44 9
3995 32 5
3996 29 1
3997 43 3
3998 12 11
3999 12 1
4000 3 6
4001 19 11
4002 23 9
4003 22 11
4004 25 2
4005 31 6
4006 30 4
4007 22 5
4008 34 9
4009 48 8
4010 54 10
4011 16 7
4012 48 1
4013 27 11
4014 11 7
4015 26 1
4016 18 9
4017 8 11
4018 53 9
4019 31 5
4020 13 5
4021 29 11
4022 30 11
4023 42 5
4024 39 10
4025 7 11
4026 3 7
4027 47 5
4028 30 7
4029 28 5
4030 4 2
4031 18 5
4032 50 3
4033 35 9
4034 48 3
4035 36 8
4036 39 1
4037 28 9
4038 9 6
4039 15 2
4040 28 9
4041 45 4
4042 14 4
4043 6 11
4044 4 4
4045 12 11
4046 35 10
4047 36 10
4048 35 9
4049 54 7
4050 42 4
4051 40 2
4052 48 4
4053 34 3
4054 30 4
4055 33 7
4056 55 10
4057 53 10
4058 26 7
4059 17 9
4060 27 1
4061 45 4
4062 47 2
4063 50 7
4064 21 2
4065 52 2
4066 3 1
4067 4 2
4068 46 5
4069 18 4
4070 21 8
4071 48 4
4072 4 5
4073 44 8
4074 17 11
4075 43 8
4076 22 10
4077 19 5
4078 33 1
4079 40 11
4080 40 5
4081 51 5
4082 36 10
4083 49 2
4084 23 3
4085 26 8
4086 31 3
4087 2 7
4088 56 5
4089 27 9
4090 19 9
4091 6 2
4092 54 7
4093 22 11
4094 48 1
4095 53 9
4096 53 6
4097 16 4
4098 36 2
4099 42 9
4100 48 1
4101 13 3
4102 39 6
4103 19 3
4104 52 6
4105 55 10
4106 33 9
4107 25 7
4108 31 6
4109 36 7
4110 51 5
4111 40 5
4112 17 1
4113 49 2
4114 38 7
4115 43 11
4116 52 1
4117 33 2
4118 8 5
4119 6 7
4120 44 8
4121 13 3
4122 18 10
4123 7 1
4124 8 4
4125 56 6
4126 54 5
4127 42 2
4128 23 1
4129 48 7
4130 8 1
4131 37 11
4132 8 2
4133 52 6
4134 11 6
4135 41 4
4136 18 2
4137 33 3
4138 56 3
4139 23 4
4140 23 2
4141 42 10
4142 56 6
4143 12 3
4144 1 2
4145 41 4
4146 50 2
4147 17 4
4148 19 2
4149 46 9
4150 25 8
4151 55 6
4152 30 6
4153 29 9
4154 33 6
4155 36 2
4156 46 1
4157 4 8
4158 41 2
4159 21 10
4160 56 2
4161 36 5
4162 7 10
4163 19 7
4164 26 2
4165 13 1
4166 36 6
4167 28 4
4168 11 1
4169 29 1
4170 2 4
4171 32 6
4172 3 7
4173 46 11
4174 1 3
4175 53 5
4176 29 5
4177 52 6
4178 27 1
4179 14 3
4180 34 3
4181 48 2
4182 23 5
4183 36 1
4184 43 5
4185 14 10
4186 1 1
4187 52 8
4188 38 2
4189 23 3
4190 25 10
4191 20 11
4192 31 9
4193 55 10
4194 23 7
4195 27 4
4196 16 1
4197 40 3
4198 37 1
4199 19 1
4200 24 1
4201 2 5
4202 53 8
4203 13 8
4204 2 6
4205 10 10
4206 3 7
4207 26 11
4208 34 11
4209 12 1
4210 49 2
4211 52 9
4212 53 4
4213 2 6
4214 50 3
4215 32 4
4216 27 3
4217 26 7
4218 15 5
4219 53 2
4220 23 7
4221 45 2
4222 26 2
4223 24 5
4224 38 10
4225 22 11
4226 8 11
4227 36 5
4228 46 3
4229 21 4
4230 52 11
4231 40 4
4232 52 5
4233 22 1
4234 51 11
4235 41 1
4236 25 4
4237 1 6
4238 10 4
4239 45 3
4240 27 9
4241 12 9
4242 56 11
4243 45 10
4244 50 5
4245 53 11
4246 48 7
4247 23 2
4248 18 5
4249 3 10
4250 3 2
4251 3 3
4252 46 11
4253 40 7
4254 12 1
4255 3 7
4256 52 2
4257 5 3
4258 3 5
4259 51 4
4260 13 7
4261 16 10
4262 14 7
4263 31 9
4264 48 2
4265 30 5
4266 8 3
4267 3 7
4268 7 1
4269 1 1
4270 43 4
4271 5 8
4272 46 10
4273 10 7
4274 21 2
4275 13 6
4276 29 6
4277 5 8
4278 30 2
4279 31 5
4280 40 8
4281 23 2
4282 8 2
4283 31 9
4284 2 1
4285 53 5
4286 24 6
4287 13 11
4288 50 11
4289 40 10
4290 27 9
4291 30 1
4292 46 10
4293 16 11
4294 43 1
4295 50 1
4296 38 8
4297 39 5
4298 4 8
4299 28 7
4300 44 6
4301 56 4
4302 26 4
4303 16 1
4304 55 11
4305 30 5
4306 16 8
4307 1 4
4308 34 6
4309 29 8
4310 29 5
4311 48 7
4312 56 10
4313 2 5
4314 39 7
4315 24 8
4316 39 11
4317 15 7
4318 18 8
4319 1 9
4320 26 4
4321 53 5
4322 37 6
4323 30 9
4324 4 4
4325 33 2
4326 7 2
4327 33 6
4328 26 1
4329 6 6
4330 31 7
4331 22 3
4332 12 9
4333 33 1
4334 28 7
4335 43 6
4336 4 9
4337 38 10
4338 52 7
4339 6 8
4340 39 5
4341 28 9
4342 1 9
4343 17 1
4344 39 2
4345 16 11
4346 15 3
4347 55 7
4348 56 10
4349 5 7
4350 36 7
4351 16 5
4352 47 7
4353 13 10
4354 46 3
4355 28 9
4356 53 10
4357 25 1
4358 32 3
4359 50 1
4360 50 6
4361 34 6
4362 53 11
4363 38 8
4364 21 5
4365 49 10
4366 44 2
4367 55 8
4368 15 8
4369 26 10
4370 32 3
4371 17 7
4372 23 7
4373 12 5
4374 52 5
4375 35 5
4376 29 6
4377 52 6
4378 3 6
4379 26 4
4380 54 5
4381 5 10
4382 54 1
4383 16 2
4384 47 7
4385 19 7
4386 18 11
4387 4 6
4388 54 10
4389 46 5
4390 12 10
4391 10 2
4392 29 7
4393 19 4
4394 18 1
4395 33 7
4396 34 2
4397 5 7
4398 2 5
4399 12 7
4400 44 6
4401 1 8
4402 40 6
4403 45 7
4404 24 4
4405 19 9
4406 56 11
4407 54 5
4408 34 1
4409 50 9
4410 1 5
4411 42 11
4412 29 8
4413 53 1
4414 41 7
4415 21 8
4416 54 6
4417 6 1
4418 46 9
4419 39 4
4420 18 11
4421 2 2
4422 2 4
4423 31 9
4424 50 9
4425 23 3
4426 30 6
4427 19 9
4428 41 3
4429 12 1
4430 55 7
4431 4 3
4432 9 8
4433 16 5
4434 14 7
4435 56 8
4436 45 4
4437 43 4
4438 5 8
4439 30 6
4440 39 7
4441 47 11
4442 2 4
4443 3 9
4444 39 3
4445 50 9
4446 26 7
4447 37 7
4448 31 6
4449 1 9
4450 27 1
4451 17 6
4452 8 1
4453 27 1
4454 11 10
4455 28 3
4456 39 1
4457 28 5
4458 30 10
4459 41 2
4460 15 6
4461 38 3
4462 27 9
4463 15 9
4464 21 2
4465 40 6
4466 34 2
4467 55 1
4468 2 9
4469 12 4
4470 8 3
4471 17 1
4472 14 10
4473 49 1
4474 5 2
4475 25 1
4476 44 10
4477 25 6
4478 52 7
4479 35 1
4480 56 3
4481 53 4
4482 4 9
4483 50 11
4484 32 2
4485 7 10
4486 5 10
4487 34 2
4488 53 10
4489 29 4
4490 21 1
4491 46 7
4492 31 4
4493 56 6
4494 40 8
4495 15 6
4496 1 10
4497 55 2
4498 51 8
4499 19 3
4500 10 2
4501 52 10
4502 29 10
4503 35 11
4504 32 1
4505 12 10
4506 21 1
4507 36 11
4508 26 7
4509 2 6
4510 14 1
4511 46 4
4512 47 10
4513 39 3
4514 5 1
4515 14 5
4516 53 5
4517 21 11
4518 29 11
4519 9 2
4520 5 10
4521 20 10
4522 24 10
4523 35 1
4524 51 8
4525 24 7
4526 18 1
4527 47 3
4528 21 3
4529 30 7
4530 9 1
4531 38 9
4532 8 4
4533 16 9
4534 4 9
4535 49 1
4536 4 1
4537 43 4
4538 27 2
4539 33 10
4540 54 8
4541 37 10
4542 7 4
4543 28 6
4544 54 11
4545 46 10
4546 3 9
4547 29 3
4548 55 11
4549 30 8
4550 50 8
4551 45 3
4552 12 4
4553 25 1
4554 32 11
4555 40 11
4556 45 5
4557 35 3
4558 32 7
4559 49 1
4560 38 9
4561 19 9
4562 19 1
4563 23 4
4564 39 3
4565 27 6
4566 15 7
4567 8 7
4568 16 4
4569 49 10
4570 32 2
4571 9 4
4572 15 2
4573 31 11
4574 50 6
4575 15 6
4576 42 7
4577 6 1
4578 28 6
4579 56 2
4580 47 8
4581 33 7
4582 18 3
4583 13 2
4584 10 3
4585 23 7
4586 14 9
4587 51 10
4588 54 2
4589 17 3
4590 26 1
4591 50 5
4592 14 11
4593 26 3
4594 35 5
4595 18 8
4596 42 2
4597 13 11
4598 24 8
4599 48 1
4600 10 5
4601 51 9
4602 28 2
4603 44 2
4604 12 5
4605 46 2
4606 44 5
4607 43 9
4608 10 9
4609 18 7
4610 14 4
4611 35 4
4612 22 7
4613 48 10
4614 49 11
4615 44 7
4616 42 2
4617 44 7
4618 44 6
4619 50 7
4620 34 2
4621 50 6
4622 53 3
4623 45 8
4624 32 2
4625 45 2
4626 28 6
4627 13 3
4628 22 10
4629 18 7
4630 46 10
4631 28 6
4632 10 6
4633 56 9
4634 55 7
4635 6 4
4636 36 1
4637 8 8
4638 3 4
4639 16 6
4640 4 10
4641 51 8
4642 28 11
4643 45 3
4644 18 10
4645 30 4
4646 32 6
4647 12 1
4648 46 2
4649 36 10
4650 19 10
4651 52 9
4652 31 1
4653 12 9
4654 6 5
4655 27 4
4656 31 9
4657 39 3
4658 53 7
4659 40 2
4660 10 6
4661 18 4
4662 48 5
4663 10 3
4664 20 8
4665 31 1
4666 42 7
4667 35 7
4668 33 2
4669 20 9
4670 3 3
4671 28 2
4672 10 3
4673 29 10
4674 1 5
4675 50 8
4676 15 8
4677 28 9
4678 39 5
4679 11 9
4680 28 8
4681 14 6
4682 14 5
4683 26 5
4684 21 5
4685 4 6
4686 10 11
4687 28 8
4688 34 8
4689 34 5
4690 31 6
4691 38 5
4692 9 8
4693 16 1
4694 12 8
4695 20 8
4696 38 4
4697 6 2
4698 41 1
4699 23 11
4700 27 9
4701 10 2
4702 30 4
4703 2 9
4704 22 3
4705 45 2
4706 17 3
4707 2 5
4708 1 6
4709 49 4
4710 50 7
4711 5 6
4712 18 6
4713 41 2
4714 3 7
4715 46 9
4716 30 5
4717 55 10
4718 49 4
4719 41 3
4720 47 8
4721 40 4
4722 40 6
4723 4 7
4724 6 11
4725 18 1
4726 56 5
4727 25 2
4728 2 8
4729 43 11
4730 10 4
4731 39 10
4732 11 1
4733 46 4
4734 37 3
4735 9 7
4736 48 10
4737 53 9
4738 39 10
4739 38 5
4740 35 5
4741 39 3
4742 16 4
4743 32 9
4744 19 6
4745 39 4
4746 41 7
4747 47 6
4748 36 3
4749 44 6
4750 23 10
4751 1 8
4752 12 11
4753 37 3
4754 45 3
4755 29 6
4756 38 4
4757 19 7
4758 52 6
4759 29 3
4760 25 1
4761 4 7
4762 45 5
4763 32 7
4764 15 2
4765 39 5
4766 15 6
4767 26 1
4768 6 4
4769 24 1
4770 32 2
4771 14 5
4772 35 7
4773 33 10
4774 40 2
4775 15 2
4776 20 11
4777 52 11
4778 47 7
4779 27 3
4780 28 8
4781 19 10
4782 42 3
4783 47 10
4784 40 3
4785 10 11
4786 14 2
4787 54 6
4788 31 6
4789 33 10
4790 27 7
4791 54 3
4792 14 6
4793 27 2
4794 56 9
4795 34 1
4796 2 11
4797 55 9
4798 53 4
4799 27 7
4800 17 10
4801 34 6
4802 29 10
4803 51 11
4804 6 8
4805 23 4
4806 45 2
4807 25 9
4808 2 9
4809 2 11
4810 34 3
4811 35 10
4812 15 11
4813 7 7
4814 40 5
4815 53 10
4816 24 7
4817 38 3
4818 43 3
4819 22 5
4820 30 4
4821 25 1
4822 56 6
4823 3 2
4824 13 7
4825 9 8
4826 53 4
4827 32 9
4828 47 5
4829 23 3
4830 16 4
4831 20 1
4832 19 10
4833 24 7
4834 23 8
4835 5 7
4836 53 1
4837 53 8
4838 11 1
4839 35 1
4840 2 2
4841 6 1
4842 11 9
4843 32 1
4844 39 1
4845 53 6
4846 6 5
4847 4 5
4848 44 5
4849 56 8
4850 29 2
4851 22 11
4852 47 4
4853 54 2
4854 52 10
4855 42 9
4856 42 1
4857 28 4
4858 43 9
4859 56 6
4860 7 9
4861 43 11
4862 51 5
4863 30 7
4864 54 11
4865 1 7
4866 38 4
4867 12 4
4868 52 7
4869 26 8
4870 37 11
4871 16 4
4872 14 9
4873 18 2
4874 43 9
4875 44 7
4876 13 11
4877 32 1
4878 55 10
4879 28 4
4880 39 2
4881 2 8
4882 10 5
4883 49 2
4884 7 10
4885 35 7
4886 51 9
4887 11 7
4888 54 6
4889 53 10
4890 41 8
4891 53 6
4892 33 4
4893 39 4
4894 42 4
4895 20 9
4896 56 2
4897 23 6
4898 19 1
4899 20 8
4900 49 9
4901 28 10
4902 15 8
4903 27 3
4904 48 5
4905 39 6
4906 39 5
4907 28 10
4908 8 4
4909 21 4
4910 37 9
4911 44 3
4912 40 7
4913 19 5
4914 10 6
4915 40 10
4916 39 9
4917 50 8
4918 54 4
4919 28 5
4920 51 6
4921 26 9
4922 20 11
4923 29 3
4924 22 5
4925 14 5
4926 8 4
4927 41 5
4928 28 9
4929 9 2
4930 16 11
4931 47 10
4932 50 1
4933 24 1
4934 29 3
4935 28 2
4936 32 3
4937 38 4
4938 37 10
4939 25 1
4940 43 9
4941 2 10
4942 1 8
4943 24 4
4944 6 3
4945 49 10
4946 49 10
4947 22 2
4948 37 9
4949 53 3
4950 37 10
4951 20 7
4952 40 8
4953 22 4
4954 31 1
4955 38 2
4956 17 2
4957 34 10
4958 55 6
4959 48 4
4960 46 5
4961 56 11
4962 18 6
4963 55 2
4964 22 7
4965 7 10
4966 31 10
4967 33 6
4968 40 2
4969 45 4
4970 52 9
4971 25 9
4972 32 1
4973 8 9
4974 29 7
4975 24 4
4976 9 9
4977 32 3
4978 35 7
4979 37 7
4980 7 8
4981 18 3
4982 13 5
4983 37 7
4984 42 3
4985 50 3
4986 50 10
4987 45 11
4988 45 6
4989 39 8
4990 49 6
4991 44 6
4992 50 8
4993 28 9
4994 22 9
4995 37 5
4996 22 5
4997 38 11
4998 15 10
4999 27 4
5000 26 4
5001 20 8
5002 19 6
5003 4 5
5004 19 1
5005 49 5
5006 26 6
5007 3 8
5008 12 4
5009 3 6
5010 54 5
5011 14 8
5012 14 11
5013 29 4
5014 42 2
5015 11 5
5016 42 1
5017 44 6
5018 35 6
5019 19 2
5020 16 2
5021 48 11
5022 20 4
5023 8 10
5024 15 3
5025 42 10
5026 42 5
5027 2 5
5028 31 8
5029 54 6
5030 27 11
5031 9 5
5032 51 5
5033 5 10
5034 33 9
5035 20 7
5036 22 5
5037 36 5
5038 8 9
5039 26 1
5040 47 3
5041 16 9
5042 48 11
5043 23 7
5044 28 1
5045 42 11
5046 19 7
5047 17 10
5048 55 6
5049 7 9
5050 50 4
5051 29 4
5052 12 7
5053 29 5
5054 54 5
5055 42 2
5056 21 7
5057 54 10
5058 1 10
5059 11 3
5060 23 6
5061 22 8
5062 4 4
5063 29 1
5064 18 4
5065 42 9
5066 20 10
5067 20 4
5068 34 7
5069 45 7
5070 50 9
5071 18 5
5072 5 11
5073 10 8
5074 39 11
5075 37 9
5076 44 11
5077 28 2
5078 11 5
5079 29 11
5080 24 9
5081 47 7
5082 51 7
5083 54 8
5084 16 6
5085 47 6
5086 24 4
5087 17 9
5088 33 5
5089 13 7
5090 26 3
5091 42 10
5092 29 1
5093 26 11
5094 10 6
5095 50 3
5096 9 2
5097 47 7
5098 24 2
5099 52 8
5100 42 2
5101 13 9
5102 21 10
5103 27 11
5104 28 11
5105 19 8
5106 34 10
5107 25 5
5108 31 3
5109 14 7
5110 50 7
5111 15 8
5112 52 10
5113 23 11
5114 6 10
5115 20 11
5116 29 3
5117 18 10
5118 48 1
5119 1 1
5120 26 6
5121 1 11
5122 3 5
5123 33 3
5124 31 10
5125 30 6
5126 18 5
5127 49 1
5128 23 11
5129 16 3
5130 49 5
5131 15 1
5132 26 8
5133 56 9
5134 38 3
5135 38 2
5136 21 7
5137 33 7
5138 28 1
5139 42 11
5140 2 1
5141 5 2
5142 26 8
5143 23 8
5144 18 8
5145 30 8
5146 14 4
5147 6 10
5148 28 5
5149 33 10
5150 47 5
5151 15 8
5152 47 10
5153 55 11
5154 40 8
5155 26 11
5156 31 7
5157 21 8
5158 31 10
5159 50 1
5160 32 2
5161 54 1
5162 13 4
5163 36 9
5164 29 9
5165 7 4
5166 25 11
5167 8 4
5168 49 2
5169 44 2
5170 16 7
5171 41 2
5172 19 10
5173 23 6
5174 30 5
5175 2 7
5176 33 9
5177 44 9
5178 36 3
5179 56 2
5180 29 10
5181 49 2
5182 37 6
5183 15 9
5184 55 8
5185 30 7
5186 21 8
5187 37 6
5188 55 4
5189 49 6
5190 37 3
5191 45 1
5192 51 6
5193 30 2
5194 33 10
5195 1 3
5196 55 3
5197 4 10
5198 6 7
5199 13 8
5200 13 8
5201 18 11
5202 56 4
5203 26 9
5204 34 5
5205 29 1
5206 30 1
5207 4 7
5208 4 4
5209 15 10
5210 14 4
5211 47 4
5212 36 8
5213 47 5
5214 22 11
5215 41 2
5216 46 10
5217 30 6
5218 13 6
5219 37 10
5220 55 7
5221 40 9
5222 14 5
5223 40 9
5224 36 2
5225 53 3
5226 47 7
5227 40 6
5228 16 6
5229 29 7
5230 53 7
5231 9 5
5232 44 8
5233 52 5
5234 54 2
5235 30 9
5236 13 9
5237 20 10
5238 47 1
5239 48 4
5240 33 1
5241 12 7
5242 50 2
5243 8 1
5244 56 11
5245 6 9
5246 5 6
5247 30 6
5248 56 5
5249 52 5
5250 44 5
5251 46 9
5252 26 5
5253 54 8
5254 55 7
5255 25 2
5256 53 5
5257 11 2
5258 42 2
5259 6 7
5260 27 10
5261 56 2
5262 18 7
5263 34 6
5264 17 7
5265 11 8
5266 56 1
5267 39 2
5268 52 10
5269 5 6
5270 52 9
5271 53 1
5272 32 9
5273 42 2
5274 20 7
5275 42 2
5276 47 6
5277 55 3
5278 53 5
5279 17 1
5280 7 9
5281 22 4
5282 7 8
5283 54 1
5284 15 3
5285 46 4
5286 37 6
5287 21 11
5288 17 7
5289 51 1
5290 11 9
5291 9 11
5292 19 1
5293 28 1
5294 46 11
5295 20 4
5296 2 10
5297 17 5
5298 25 8
5299 31 7
5300 55 2
5301 44 3
5302 26 10
5303 35 4
5304 14 3
5305 27 4
5306 33 3
5307 28 7
5308 41 6
5309 6 7
5310 26 9
5311 9 10
5312 48 7
5313 3 1
5314 55 10
5315 8 3
5316 19 3
5317 9 10
5318 25 8
5319 53 10
5320 28 5
5321 3 10
5322 12 6
5323 15 9
5324 29 10
5325 12 7
5326 21 2
5327 56 1
5328 47 9
5329 39 11
5330 28 7
5331 11 10
5332 17 4
5333 6 4
5334 33 7
5335 38 1
5336 45 9
5337 6 5
5338 45 9
5339 52 6
5340 40 6
5341 5 10
5342 31 10
5343 20 4
5344 7 5
5345 3 9
5346 54 3
5347 9 9
5348 50 6
5349 17 1
5350 52 3
5351 21 1
5352 49 11
5353 30 9
5354 14 9
5355 41 8
5356 39 11
5357 5 2
5358 24 10
5359 33 3
5360 26 5
5361 39 10
5362 10 10
5363 49 3
5364 38 5
5365 51 9
5366 55 4
5367 54 4
5368 29 4
5369 12 2
5370 41 3
5371 46 9
5372 24 11
5373 9 7
5374 43 8
5375 47 4
5376 12 11
5377 15 3
5378 36 1
5379 19 5
5380 31 4
5381 33 8
5382 23 10
5383 19 8
5384 25 7
5385 54 5
5386 18 6
5387 30 8
5388 45 11
5389 32 6
5390 7 1
5391 12 9
5392 31 7
5393 7 4
5394 37 1
5395 35 7
5396 47 1
5397 53 6
5398 1 1
5399 6 2
5400 52 6
5401 44 7
5402 37 9
5403 55 2
5404 18 7
5405 49 1
5406 20 4
5407 5 1
5408 55 8
5409 54 3
5410 43 3
5411 7 1
5412 28 8
5413 5 10
5414 52 9
5415 33 3
5416 4 4
5417 10 7
5418 3 10
5419 52 11
5420 4 5
5421 11 4
5422 25 8
5423 45 9
5424 53 7
5425 4 4
5426 17 6
5427 54 4
5428 40 6
5429 28 7
5430 56 3
5431 9 10
5432 56 3
5433 52 10
5434 38 9
5435 47 2
5436 44 2
5437 39 11
5438 30 6
5439 32 1
5440 54 9
5441 24 10
5442 21 7
5443 42 5
5444 36 9
5445 11 9
5446 29 5
5447 37 8
5448 34 8
5449 54 6
5450 1 8
5451 9 2
5452 17 2
5453 18 7
5454 19 5
5455 35 9
5456 41 4
5457 24 6
5458 49 7
5459 28 5
5460 28 5
5461 2 1
5462 11 2
5463 14 4
5464 14 10
5465 31 4
5466 43 4
5467 3 10
5468 14 4
5469 42 10
5470 34 6
5471 31 7
5472 34 6
5473 34 3
5474 54 2
5475 50 2
5476 44 1
5477 21 4
5478 17 4
5479 24 4
5480 2 9
5481 41 3
5482 40 5
5483 3 8
5484 51 1
5485 38 1
5486 54 3
5487 2 2
5488 23 2
5489 37 2
5490 37 3
5491 37 10
5492 49 3
5493 49 11
5494 7 4
5495 14 7
5496 53 11
5497 55 5
5498 2 8
5499 16 2
5500 25 3
5501 19 3
5502 1 3
5503 38 6
5504 18 3
5505 46 7
5506 39 8
5507 20 8
5508 42 3
5509 40 5
5510 37 7
5511 49 10
5512 37 4
5513 8 10
5514 46 2
5515 40 2
5516 11 3
5517 8 4
5518 39 4
5519 8 4
5520 7 5
5521 20 9
5522 38 2
5523 15 2
5524 5 6
5525 47 2
5526 33 10
5527 21 2
5528 13 5
5529 34 5
5530 45 5
5531 43 2
5532 27 4
5533 43 3
5534 39 3
5535 35 3
5536 40 4
5537 21 1
5538 25 3
5539 37 3
5540 31 11
5541 38 11
5542 23 11
5543 39 2
5544 15 3
5545 42 4
5546 20 5
5547 9 2
5548 22 5
5549 17 8
5550 24 1
5551 23 8
5552 43 1
5553 52 6
5554 42 7
5555 13 10
5556 13 2
5557 51 1
5558 53 9
5559 53 4
5560 16 9
5561 33 6
5562 44 6
5563 54 3
5564 1 1
5565 48 1
5566 1 11
5567 45 3
5568 41 2
5569 14 6
5570 4 3
5571 43 4
5572 32 11
5573 38 1
5574 54 6
5575 52 11
5576 14 10
5577 39 5
5578 44 2
5579 55 10
5580 49 5
5581 9 5
5582 37 10
5583 17 5
5584 5 11
5585 18 5
5586 44 5
5587 12 7
5588 15 1
5589 48 11
5590 10 7
5591 51 8
5592 27 1
5593 25 5
5594 14 8
5595 15 5
5596 27 11
5597 37 1
5598 7 6
5599 55 6
5600 45 9
5601 40 5
5602 28 3
5603 41 4
5604 38 7
5605 44 10
5606 23 8
5607 36 2
5608 42 6
5609 20 8
5610 12 7
5611 1 5
5612 20 7
5613 42 10
5614 37 1
5615 4 5
5616 55 3
5617 33 3
5618 44 8
5619 16 10
5620 14 8
5621 55 7
5622 4 9
5623 36 7
5624 32 10
5625 45 11
5626 10 1
5627 35 6
5628 7 5
5629 10 6
5630 55 2
5631 52 2
5632 54 2
5633 1 4
5634 51 9
5635 15 8
5636 23 6
5637 21 9
5638 44 3
5639 36 6
5640 48 9
5641 54 3
5642 30 1
5643 1 4
5644 54 2
5645 48 3
5646 35 2
5647 12 11
5648 27 5
5649 31 3
5650 6 2
5651 30 1
5652 28 10
5653 36 1
5654 23 9
5655 27 6
5656 43 8
5657 53 11
5658 22 3
5659 12 8
5660 13 9
5661 49 7
5662 31 1
5663 8 3
5664 6 6
5665 56 9
5666 49 8
5667 31 5
5668 8 5
5669 44 8
5670 8 4
5671 1 6
5672 43 2
5673 17 6
5674 31 4
5675 13 11
5676 24 5
5677 35 9
5678 48 11
5679 16 4
5680 2 7
5681 29 3
5682 35 3
5683 47 4
5684 40 9
5685 2 10
5686 4 10
5687 26 3
5688 1 6
5689 32 3
5690 43 11
5691 4 1
5692 16 2
5693 25 7
5694 54 5
5695 21 10
5696 2 4
5697 47 2
5698 31 5
5699 42 8
5700 10 3
5701 53 7
5702 43 9
5703 49 6
5704 51 1
5705 19 8
5706 13 9
5707 8 10
5708 14 8
5709 12 6
5710 49 6
5711 28 10
5712 36 11
5713 51 4
5714 44 10
5715 20 5
5716 7 2
5717 44 10
5718 14 4
5719 53 8
5720 1 4
5721 20 6
5722 19 7
5723 44 5
5724 6 11
5725 25 2
5726 39 7
5727 24 2
5728 38 8
5729 35 10
5730 43 5
5731 40 7
5732 56 9
5733 4 1
5734 14 10
5735 55 4
5736 6 7
5737 52 11
5738 40 1
5739 6 1
5740 50 4
5741 26 11
5742 33 10
5743 21 4
5744 54 10
5745 51 11
5746 48 10
5747 17 11
5748 40 8
5749 32 11
5750 31 8
5751 13 11
5752 28 4
5753 37 2
5754 26 1
5755 6 6
5756 2 8
5757 52 10
5758 38 3
5759 42 9
5760 14 9
5761 56 11
5762 14 11
5763 40 7
5764 20 10
5765 17 5
5766 43 4
5767 22 4
5768 41 10
5769 21 11
5770 35 3
5771 55 9
5772 46 10
5773 31 6
5774 28 3
5775 23 9
5776 29 9
5777 4 10
5778 3 2
5779 34 7
5780 17 3
5781 51 1
5782 11 8
5783 18 11
5784 17 1
5785 13 5
5786 55 10
5787 37 11
5788 56 10
5789 7 7
5790 26 2
5791 2 3
5792 20 5
5793 52 3
5794 42 6
5795 54 10
5796 25 2
5797 18 3
5798 6 2
5799 8 5
5800 49 2
5801 11 6
5802 5 8
5803 43 5
5804 43 4
5805 38 9
5806 44 7
5807 42 4
5808 45 1
5809 6 9
5810 40 1
5811 27 9
5812 42 9
5813 35 3
5814 6 1
5815 26 6
5816 31 7
5817 41 11
5818 24 11
5819 31 9
5820 47 8
5821 5 11
5822 24 6
5823 56 8
5824 11 2
5825 12 10
5826 12 8
5827 20 4
5828 2 9
5829 7 10
5830 50 7
5831 50 6
5832 29 9
5833 39 2
5834 56 9
5835 19 5
5836 50 6
5837 38 11
5838 28 9
5839 44 4
5840 28 1
5841 23 7
5842 24 2
5843 9 11
5844 3 2
5845 39 4
5846 9 4
5847 49 4
5848 47 4
5849 30 1
5850 4 9
5851 3 5
5852 14 4
5853 18 8
5854 47 3
5855 53 7
5856 40 3
5857 15 10
5858 50 11
5859 7 11
5860 39 10
5861 29 8
5862 44 10
5863 33 3
5864 36 1
5865 38 8
5866 7 10
5867 3 4
5868 46 3
5869 37 7
5870 42 5
5871 50 10
5872 35 8
5873 43 11
5874 9 4
5875 30 11
5876 33 10
5877 43 11
5878 17 11
5879 20 8
5880 20 3
5881 15 3
5882 10 6
5883 14 2
5884 8 7
5885 30 10
5886 7 5
5887 24 2
5888 41 1
5889 38 1
5890 33 8
5891 27 2
5892 49 9
5893 51 8
5894 30 6
5895 4 10
5896 23 10
5897 3 7
5898 13 8
5899 21 4
5900 52 5
5901 43 3
5902 43 6
5903 56 1
5904 33 10
5905 1 5
5906 29 3
5907 44 8
5908 12 6
5909 50 6
5910 36 2
5911 1 7
5912 1 1
5913 31 8
5914 6 3
5915 37 2
5916 37 9
5917 8 8
5918 53 8
5919 54 7
5920 8 9
5921 53 2
5922 39 11
5923 14 10
5924 6 7
5925 50 6
5926 11 9
5927 46 2
5928 19 2
5929 30 3
5930 19 5
5931 33 7
5932 26 5
5933 38 9
5934 10 1
5935 19 8
5936 29 10
5937 40 4
5938 45 9
5939 3 11
5940 24 11
5941 7 10
5942 40 8
5943 47 4
5944 40 10
5945 35 3
5946 28 5
5947 56 1
5948 21 9
5949 4 7
5950 20 8
5951 35 6
5952 1 6
5953 4 7
5954 25 7
5955 30 7
5956 8 4
5957 54 4
5958 16 10
5959 30 6
5960 24 4
5961 16 8
5962 41 1
5963 25 1
5964 37 9
5965 24 1
5966 3 1
5967 1 4
5968 15 6
5969 42 6
5970 11 5
5971 6 7
5972 28 1
5973 14 7
5974 32 11
5975 22 9
5976 21 11
5977 54 6
5978 24 11
5979 40 7
5980 28 10
5981 18 10
5982 1 6
5983 42 7
5984 44 11
5985 15 5
5986 2 10
5987 24 4
5988 7 9
5989 3 9
5990 52 6
5991 46 3
5992 18 5
5993 31 3
5994 16 4
5995 43 11
5996 51 1
5997 52 8
5998 7 2
5999 41 2
6000 36 11
6001 2 7
6002 53 8
6003 54 4
6004 39 6
6005 21 6
6006 52 8
6007 28 2
6008 9 4
6009 56 5
6010 30 4
6011 40 7
6012 52 6
6013 36 8
6014 16 11
6015 29 7
6016 24 6
6017 33 11
6018 44 8
6019 34 1
6020 39 4
6021 19 1
6022 56 6
6023 48 8
6024 28 10
6025 19 2
6026 27 7
6027 10 3
6028 54 10
6029 40 6
6030 52 11
6031 22 6
6032 31 11
6033 9 6
6034 26 8
6035 36 5
6036 22 11
6037 33 8
6038 22 1
6039 48 9
6040 33 5
6041 43 7
6042 11 2
6043 54 10
6044 28 7
6045 15 1
6046 24 1
6047 41 2
6048 33 10
6049 30 2
6050 16 3
6051 55 3
6052 13 11
6053 46 4
6054 19 8
6055 1 5
6056 21 6
6057 5 9
6058 35 8
6059 41 3
6060 1 10
6061 30 8
6062 56 7
6063 43 8
6064 8 1
6065 2 6
6066 32 11
6067 36 9
6068 14 11
6069 39 8
6070 30 7
6071 39 2
6072 44 6
6073 27 8
6074 39 2
6075 12 10
6076 6 11
6077 23 7
6078 41 6
6079 21 10
6080 40 7
6081 47 2
6082 32 10
6083 23 2
6084 54 3
6085 53 1
6086 45 11
6087 32 1
6088 26 5
6089 17 9
6090 56 9
6091 28 7
6092 53 3
6093 4 5
6094 52 11
6095 12 9
6096 55 5
6097 31 3
6098 31 9
6099 45 3
6100 18 6
6101 43 11
6102 4 8
6103 25 8
6104 29 3
6105 18 11
6106 21 3
6107 35 2
6108 49 8
6109 4 10
6110 37 2
6111 14 11
6112 14 11
6113 56 6
6114 13 6
6115 17 3
6116 4 10
6117 20 11
6118 29 10
6119 16 5
6120 35 11
6121 9 2
6122 1 4
6123 21 2
6124 22 3
6125 30 2
6126 34 1
6127 13 6
6128 11 7
6129 14 4
6130 21 9
6131 44 6
6132 14 4
6133 48 2
6134 4 1
6135 23 1
6136 23 6
6137 55 6
6138 41 6
6139 23 7
6140 15 4
6141 35 5
6142 5 9
6143 42 6
6144 45 1
6145 55 9
6146 36 8
6147 17 10
6148 55 2
6149 25 6
6150 1 1
6151 7 7
6152 4 4
6153 17 9
6154 22 2
6155 32 11
6156 54 5
6157 20 1
6158 21 7
6159 12 4
6160 35 9
6161 54 9
6162 46 7
6163 50 2
6164 26 6
6165 37 8
6166 2 5
6167 22 4
6168 7 9
6169 20 8
6170 39 6
6171 27 1
6172 16 10
6173 28 7
6174 18 8
6175 22 11
6176 15 9
6177 51 5
6178 5 6
6179 52 2
6180 20 2
6181 5 2
6182 19 6
6183 51 5
6184 36 2
6185 20 9
6186 14 9
6187 21 1
6188 20 3
6189 49 5
6190 7 6
6191 55 10
6192 1 5
6193 27 4
6194 39 7
6195 31 7
6196 12 8
6197 9 1
6198 7 3
6199 21 9
6200 27 6
6201 15 8
6202 38 2
6203 10 7
6204 37 6
6205 45 1
6206 23 9
6207 31 4
6208 55 2
6209 35 1
6210 48 5
6211 16 10
6212 21 5
6213 16 3
6214 14 2
6215 53 6
6216 52 5
6217 37 1
6218 18 4
6219 45 4
6220 31 2
6221 50 11
6222 29 10
6223 35 11
6224 7 2
6225 9 7
6226 49 8
6227 6 9
6228 49 8
6229 14 5
6230 14 10
6231 8 11
6232 33 3
6233 55 7
6234 44 6
6235 45 7
6236 50 7
6237 55 6
6238 8 1
6239 6 1
6240 50 1
6241 27 1
6242 28 1
6243 33 6
6244 48 4
6245 44 7
6246 22 1
6247 39 9
6248 23 4
6249 49 4
6250 5 4
6251 10 7
6252 52 6
6253 24 8
6254 5 9
6255 53 9
6256 49 11
6257 39 3
6258 32 4
6259 23 6
6260 55 8
6261 25 5
6262 14 4
6263 55 3
6264 4 8
6265 55 4
6266 51 10
6267 24 2
6268 29 6
6269 30 11
6270 20 4
6271 2 9
6272 42 5
6273 49 6
6274 52 8
6275 55 1
6276 20 3
6277 42 1
6278 20 11
6279 24 2
6280 34 7
6281 41 2
6282 55 6
6283 50 6
6284 27 5
6285 20 6
6286 26 7
6287 16 8
6288 33 6
6289 35 5
6290 26 6
6291 28 8
6292 26 7
6293 28 6
6294 7 2
6295 18 5
6296 11 3
6297 33 5
6298 55 6
6299 22 2
6300 14 6
6301 34 5
6302 55 11
6303 8 5
6304 11 10
6305 53 3
6306 32 3
6307 5 11
6308 26 3
6309 25 6
6310 56 10
6311 48 4
6312 16 7
6313 30 8
6314 25 11
6315 55 4
6316 49 7
6317 56 5
6318 24 2
6319 6 4
6320 1 11
6321 8 1
6322 43 4
6323 15 11
6324 42 10
6325 5 7
6326 2 6
6327 21 5
6328 54 4
6329 35 2
6330 3 5
6331 5 8
6332 5 1
6333 37 8
6334 13 3
6335 40 10
6336 54 7
6337 15 7
6338 31 11
6339 38 11
6340 42 3
6341 48 7
6342 24 9
6343 48 2
6344 30 3
6345 55 7
6346 9 11
6347 45 8
6348 41 4
6349 50 3
6350 9 7
6351 36 3
6352 37 10
6353 34 5
6354 29 6
6355 3 10
6356 54 6
6357 25 9
6358 34 1
6359 44 10
6360 22 1
6361 1 2
6362 28 11
6363 30 2
6364 26 11
6365 8 9
6366 45 5
6367 7 4
6368 56 5
6369 27 5
6370 46 1
6371 22 2
6372 9 7
6373 23 3
6374 16 3
6375 4 11
6376 2 11
6377 41 10
6378 12 7
6379 41 1
6380 37 5
6381 17 8
6382 22 5
6383 32 2
6384 43 11
6385 17 3
6386 37 4
6387 23 8
6388 2 6
6389 2 7
6390 1 7
6391 20 3
6392 31 11
6393 30 4
6394 7 8
6395 5 5
6396 29 1
6397 8 1
6398 53 10
6399 29 6
6400 38 9
6401 50 11
6402 18 5
6403 16 7
6404 53 6
6405 28 6
6406 45 3
6407 30 8
6408 5 2
6409 3 2
6410 11 2
6411 42 1
6412 28 1
6413 2 4
6414 28 11
6415 38 4
6416 32 3
6417 2 8
6418 11 9
6419 35 2
6420 52 5
6421 10 10
6422 8 3
6423 32 3
6424 44 5
6425 21 2
6426 20 2
6427 2 7
6428 4 5
6429 1 11
6430 40 7
6431 26 3
6432 50 3
6433 14 7
6434 11 9
6435 34 6
6436 56 3
6437 16 7
6438 4 4
6439 25 11
6440 48 1
6441 28 1
6442 23 8
6443 9 6
6444 25 8
6445 54 1
6446 38 1
6447 28 3
6448 24 7
6449 48 2
6450 21 4
6451 28 9
6452 40 9
6453 41 4
6454 42 3
6455 24 7
6456 49 1
6457 51 3
6458 21 3
6459 20 3
6460 53 11
6461 6 3
6462 1 7
6463 34 10
6464 14 11
6465 16 1
6466 46 7
6467 20 2
6468 52 9
6469 15 11
6470 4 6
6471 38 10
6472 28 5
6473 34 6
6474 55 11
6475 12 8
6476 12 2
6477 43 6
6478 9 10
6479 54 7
6480 56 4
6481 35 2
6482 45 7
6483 52 2
6484 45 3
6485 44 9
6486 36 10
6487 52 10
6488 9 11
6489 12 4
6490 19 8
6491 14 9
6492 2 9
6493 19 1
6494 51 3
6495 21 8
6496 14 11
6497 24 3
6498 6 10
6499 55 7
6500 10 11
6501 55 10
6502 52 6
6503 31 9
6504 17 7
6505 26 6
6506 3 7
6507 42 9
6508 9 10
6509 30 7
6510 17 10
6511 5 1
6512 20 3
6513 42 1
6514 37 9
6515 34 6
6516 1 4
6517 13 10
6518 44 6
6519 47 6
6520 38 3
6521 46 11
6522 24 1
6523 49 1
6524 27 6
6525 50 4
6526 35 7
6527 31 2
6528 21 9
6529 26 8
6530 29 11
6531 3 7
6532 15 3
6533 36 5
6534 3 11
6535 25 4
6536 51 6
6537 26 1
6538 53 6
6539 52 1
6540 27 11
6541 26 10
6542 43 3
6543 35 5
6544 12 3
6545 44 7
6546 47 10
6547 34 1
6548 46 7
6549 26 4
6550 30 11
6551 16 7
6552 23 7
6553 21 11
6554 5 8
6555 55 5
6556 47 7
6557 49 10
6558 43 3
6559 54 6
6560 14 7
6561 8 4
6562 20 9
6563 49 10
6564 50 8
6565 41 6
6566 13 10
6567 25 4
6568 22 2
6569 48 11
6570 16 4
6571 42 7
6572 21 11
6573 27 8
6574 37 7
6575 37 3
6576 54 7
6577 7 11
6578 1 5
6579 9 3
6580 26 1
6581 4 4
6582 39 4
6583 27 11
6584 18 4
6585 11 9
6586 10 9
6587 33 6
6588 12 2
6589 54 1
6590 29 10
6591 9 11
6592 51 8
6593 51 6
6594 46 5
6595 12 4
6596 8 7
6597 45 9
6598 47 8
6599 55 9
6600 23 2
6601 29 9
6602 8 11
6603 50 5
6604 9 6
6605 52 1
6606 42 4
6607 21 2
6608 55 8
6609 37 3
6610 54 7
6611 10 9
6612 6 9
6613 23 10
6614 43 1
6615 16 11
6616 33 1
6617 4 8
6618 3 10
6619 34 4
6620 23 8
6621 3 11
6622 40 10
6623 5 5
6624 46 2
6625 28 7
6626 13 1
6627 47 8
6628 30 2
6629 1 6
6630 1 5
6631 31 6
6632 27 11
6633 29 11
6634 14 9
6635 10 3
6636 25 7
6637 11 7
6638 30 4
6639 34 2
6640 36 11
6641 23 5
6642 33 7
6643 56 10
6644 55 3
6645 20 3
6646 1 4
6647 55 2
6648 44 1
6649 44 6
6650 46 3
6651 28 1
6652 9 2
6653 54 1
6654 6 3
6655 37 8
6656 6 10
6657 35 4
6658 6 5
6659 16 10
6660 17 4
6661 46 3
6662 42 1
6663 19 4
6664 54 5
6665 46 4
6666 6 1
6667 21 5
6668 17 5
6669 22 2
6670 26 6
6671 30 2
6672 34 7
6673 9 9
6674 5 5
6675 2 11
6676 33 3
6677 49 5
6678 41 6
6679 44 8
6680 53 6
6681 49 8
6682 25 4
6683 55 10
6684 9 2
6685 1 6
6686 21 7
6687 27 7
6688 39 2
6689 34 2
6690 23 8
6691 28 5
6692 28 6
6693 35 2
6694 7 3
6695 47 9
6696 20 2
6697 51 5
6698 10 6
6699 44 8
6700 23 3
6701 56 5
6702 4 7
6703 21 4
6704 48 11
6705 11 3
6706 11 10
6707 20 2
6708 44 2
6709 41 7
6710 16 9
6711 36 10
6712 44 4
6713 13 4
6714 51 3
6715 34 1
6716 19 11
6717 41 6
6718 23 2
6719 29 2
6720 25 1
6721 4 10
6722 36 4
6723 22 8
6724 6 1
6725 27 6
6726 21 1
6727 31 3
6728 23 10
6729 27 1
6730 56 6
6731 51 5
6732 11 11
6733 28 10
6734 7 1
6735 54 5
6736 52 9
6737 49 1
6738 13 1
6739 25 1
6740 2 9
6741 8 5
6742 20 4
6743 45 4
6744 48 11
6745 42 6
6746 19 10
6747 27 8
6748 52 7
6749 28 8
6750 23 4
6751 39 1
6752 19 1
6753 30 8
6754 2 5
6755 36 5
6756 17 7
6757 37 11
6758 8 3
6759 36 6
6760 14 10
6761 4 6
6762 20 9
6763 7 4
6764 2 9
6765 5 6
6766 44 9
6767 27 8
6768 2 9
6769 19 8
6770 20 2
6771 46 2
6772 26 9
6773 23 4
6774 3 7
6775 28 5
6776 36 3
6777 1 10
6778 14 7
6779 50 8
6780 40 8
6781 13 6
6782 4 2
6783 34 1
6784 36 11
6785 10 1
6786 37 10
6787 14 3
6788 29 3
6789 22 4
6790 30 10
6791 33 2
6792 31 4
6793 41 1
6794 27 5
6795 17 3
6796 19 4
6797 16 3
6798 44 4
6799 5 3
6800 16 1
6801 9 2
6802 36 1
6803 35 2
6804 4 3
6805 32 3
6806 4 2
6807 34 8
6808 46 8
6809 54 3
6810 33 7
6811 56 8
6812 3 3
6813 55 1
6814 38 5
6815 5 3
6816 2 8
6817 20 6
6818 37 3
6819 13 10
6820 33 5
6821 27 2
6822 21 4
6823 45 11
6824 40 11
6825 37 5
6826 8 8
6827 28 4
6828 43 1
6829 35 1
6830 32 7
6831 31 7
6832 40 2
6833 53 1
6834 17 9
6835 22 2
6836 51 1
6837 6 9
6838 48 8
6839 15 8
6840 17 10
6841 28 4
6842 56 2
6843 23 10
6844 12 7
6845 36 8
6846 20 5
6847 2 7
6848 44 8
6849 22 9
6850 18 7
6851 14 9
6852 2 9
6853 55 3
6854 16 4
6855 20 1
6856 2 1
6857 50 1
6858 46 2
6859 33 7
6860 23 9
6861 14 9
6862 24 10
6863 53 4
6864 33 1
6865 5 6
6866 42 9
6867 35 10
6868 10 3
6869 31 6
6870 43 6
6871 34 6
6872 29 10
6873 10 1
6874 49 2
6875 52 1
6876 19 5
6877 31 3
6878 7 2
6879 49 6
6880 48 2
6881 7 5
6882 16 5
6883 17 2
6884 3 1
6885 45 11
6886 50 5
6887 33 9
6888 43 2
6889 53 6
6890 52 2
6891 54 3
6892 47 3
6893 38 4
6894 38 6
6895 15 11
6896 23 1
6897 18 3
6898 50 5
6899 26 9
6900 23 4
6901 7 11
6902 13 1
6903 19 11
6904 25 6
6905 48 1
6906 34 7
6907 9 6
6908 42 7
6909 15 9
6910 9 11
6911 18 9
6912 8 6
6913 34 11
6914 40 7
6915 21 10
6916 45 1
6917 24 8
6918 54 6
6919 43 10
6920 25 5
6921 25 4
6922 47 4
6923 6 3
6924 20 11
6925 17 9
6926 47 3
6927 7 8
6928 13 7
6929 27 10
6930 9 7
6931 21 10
6932 35 1
6933 27 11
6934 49 4
6935 26 6
6936 46 1
6937 21 1
6938 37 8
6939 10 7
6940 1 11
6941 2 5
6942 46 7
6943 2 6
6944 34 8
6945 46 9
6946 21 3
6947 4 5
6948 26 7
6949 31 2
6950 29 3
6951 41 10
6952 46 11
6953 45 6
6954 10 8
6955 19 4
6956 7 4
6957 12 5
6958 43 6
6959 21 9
6960 38 3
6961 2 11
6962 41 4
6963 45 8
6964 30 4
6965 15 5
6966 39 2
6967 49 3
6968 17 5
6969 9 2
6970 46 9
6971 11 2
6972 10 7
6973 34 7
6974 54 9
6975 14 2
6976 19 11
6977 13 8
6978 48 7
6979 17 7
6980 29 2
6981 41 11
6982 6 3
6983 35 3
6984 14 4
6985 51 11
6986 50 8
6987 23 1
6988 17 6
6989 41 7
6990 43 11
6991 44 1
6992 10 5
6993 49 5
6994 37 6
6995 42 3
6996 33 10
6997 48 4
6998 15 6
6999 1 5
7000 38 7
7001 52 3
7002 14 1
7003 11 2
7004 47 3
7005 47 7
7006 54 9
7007 25 1
7008 50 9
7009 28 6
7010 42 1
7011 50 9
7012 41 2
7013 1 10
7014 46 7
7015 23 6
7016 38 10
7017 41 2
7018 24 8
7019 12 5
7020 14 2
7021 8 7
7022 46 11
7023 39 9
7024 5 8
7025 47 11
7026 3 11
7027 31 10
7028 14 8
7029 51 4
7030 45 4
7031 36 8
7032 48 1
7033 17 9
7034 41 7
7035 34 5
7036 20 7
7037 19 7
7038 53 6
7039 54 9
7040 14 7
7041 7 1
7042 40 11
7043 17 6
7044 28 6
7045 37 3
7046 30 5
7047 39 9
7048 48 2
7049 54 10
7050 50 5
7051 20 1
7052 35 5
7053 17 5
7054 41 8
7055 38 11
7056 50 3
7057 30 6
7058 12 9
7059 26 10
7060 2 6
7061 10 6
7062 22 6
7063 18 2
7064 13 3
7065 30 7
7066 42 4
7067 51 11
7068 55 10
7069 7 6
7070 49 2
7071 42 10
7072 6 1
7073 6 1
7074 42 5
7075 13 5
7076 47 9
7077 42 7
7078 4 1
7079 13 10
7080 30 2
7081 44 4
7082 14 4
7083 52 11
7084 32 10
7085 17 11
7086 13 1
7087 10 9
7088 16 11
7089 44 6
7090 46 1
7091 16 4
7092 45 10
7093 55 9
7094 5 5
7095 11 7
7096 38 10
7097 4 10
7098 40 9
7099 24 6
7100 3 3
7101 16 2
7102 46 7
7103 52 7
7104 56 7
7105 35 2
7106 11 7
7107 18 5
7108 36 2
7109 46 7
7110 18 8
7111 39 4
7112 31 3
7113 20 3
7114 21 9
7115 3 4
7116 50 6
7117 9 9
7118 11 4
7119 8 11
7120 21 6
7121 26 8
7122 56 2
7123 6 6
7124 45 10
7125 1 6
7126 6 5
7127 34 3
7128 45 5
7129 16 11
7130 3 3
7131 44 8
7132 6 11
7133 37 7
7134 55 7
7135 26 1
7136 24 7
7137 36 5
7138 5 1
7139 40 4
7140 46 10
7141 34 1
7142 21 4
7143 16 1
7144 1 11
7145 37 3
7146 16 3
7147 35 9
7148 8 6
7149 23 9
7150 42 4
7151 42 3
7152 49 1
7153 4 10
7154 36 11
7155 51 5
7156 48 4
7157 51 11
7158 2 3
7159 42 1
7160 2 6
7161 5 6
7162 25 3
7163 42 8
7164 2 3
7165 25 9
7166 54 5
7167 50 1
7168 2 10
7169 33 2
7170 7 3
7171 50 10
7172 24 8
7173 33 9
7174 42 10
7175 19 3
7176 28 8
7177 55 3
7178 19 6
7179 49 11
7180 49 2
7181 48 7
7182 26 6
7183 2 6
7184 9 1
7185 23 1
7186 21 6
7187 12 4
7188 30 4
7189 54 6
7190 48 2
7191 18 10
7192 46 3
7193 35 2
7194 51 1
7195 43 4
7196 18 2
7197 51 11
7198 48 2
7199 51 9
7200 44 5
7201 2 4
7202 53 9
7203 6 7
7204 48 6
7205 40 6
7206 28 11
7207 4 8
7208 8 3
7209 38 2
7210 15 4
7211 8 7
7212 40 9
7213 8 2
7214 27 2
7215 29 10
7216 30 6
7217 12 1
7218 47 3
7219 43 9
7220 18 7
7221 40 2
7222 11 9
7223 12 3
7224 44 8
7225 47 5
7226 53 9
7227 38 10
7228 4 3
7229 55 8
7230 23 2
7231 56 3
7232 3 2
7233 18 3
7234 14 1
7235 12 8
7236 53 3
7237 5 8
7238 22 7
7239 12 1
7240 46 9
7241 44 8
7242 24 5
7243 25 3
7244 32 8
7245 24 7
7246 41 3
7247 48 1
7248 17 6
7249 47 9
7250 46 6
7251 10 6
7252 42 2
7253 38 8
7254 27 3
7255 6 6
7256 49 4
7257 16 9
7258 45 4
7259 20 2
7260 13 2
7261 56 8
7262 10 3
7263 12 6
7264 50 11
7265 12 9
7266 53 5
7267 15 2
7268 10 10
7269 30 7
7270 1 5
7271 33 3
7272 18 8
7273 40 7
7274 52 8
7275 8 6
7276 44 10
7277 3 3
7278 54 3
7279 32 9
7280 54 4
7281 50 10
7282 23 10
7283 31 2
7284 31 11
7285 52 10
7286 4 6
7287 11 6
7288 29 3
7289 37 7
7290 29 3
7291 19 11
7292 45 8
7293 14 10
7294 41 7
7295 38 1
7296 3 8
7297 34 8
7298 17 10
7299 9 4
7300 48 6
7301 19 11
7302 1 6
7303 50 4
7304 27 11
7305 49 1
7306 44 8
7307 36 6
7308 13 6
7309 14 7
7310 2 4
7311 36 7
7312 21 3
7313 53 6
7314 6 8
7315 14 7
7316 45 5
7317 47 7
7318 23 11
7319 45 5
7320 42 10
7321 26 8
7322 6 5
7323 29 8
7324 50 5
7325 41 4
7326 42 8
7327 20 6
7328 15 9
7329 7 5
7330 6 3
7331 15 11
7332 8 6
7333 45 2
7334 12 3
7335 15 2
7336 21 3
7337 17 2
7338 5 7
7339 1 2
7340 31 10
7341 38 3
7342 1 11
7343 9 6
7344 50 9
7345 4 9
7346 2 4
7347 22 6
7348 8 8
7349 37 6
7350 11 8
7351 2 11
7352 23 1
7353 41 7
7354 43 5
7355 46 6
7356 53 11
7357 42 10
7358 11 9
7359 37 9
7360 16 7
7361 42 11
7362 49 5
7363 10 5
7364 23 6
7365 3 10
7366 40 11
7367 52 4
7368 23 5
7369 23 5
7370 9 7
7371 36 11
7372 15 4
7373 9 4
7374 18 10
7375 56 4
7376 29 11
7377 36 1
7378 5 8
7379 34 3
7380 49 1
7381 11 6
7382 30 2
7383 26 2
7384 18 8
7385 35 4
7386 54 11
7387 44 11
7388 46 7
7389 33 4
7390 28 5
7391 8 7
7392 9 9
7393 34 7
7394 52 3
7395 14 11
7396 10 6
7397 30 5
7398 7 8
7399 53 5
7400 31 2
7401 32 9
7402 37 11
7403 52 11
7404 53 4
7405 22 2
7406 50 2
7407 30 1
7408 4 11
7409 51 3
7410 4 4
7411 41 11
7412 7 5
7413 29 10
7414 4 2
7415 42 1
7416 20 2
7417 6 4
7418 36 3
7419 16 2
7420 5 6
7421 9 3
7422 38 1
7423 3 7
7424 17 8
7425 28 3
7426 32 7
7427 21 4
7428 26 3
7429 44 11
7430 41 9
7431 44 4
7432 23 3
7433 41 7
7434 46 9
7435 49 4
7436 19 11
7437 25 6
7438 21 11
7439 8 3
7440 20 2
7441 35 7
7442 49 7
7443 18 5
7444 56 7
7445 30 2
7446 12 6
7447 18 10
7448 37 5
7449 35 3
7450 18 3
7451 8 2
7452 56 1
7453 38 9
7454 27 11
7455 9 4
7456 37 10
7457 33 1
7458 17 9
7459 30 11
7460 45 5
7461 3 2
7462 32 2
7463 56 9
7464 25 10
7465 12 5
7466 31 3
7467 45 9
7468 32 6
7469 31 2
7470 13 5
7471 3 8
7472 16 2
7473 45 7
7474 33 1
7475 25 10
7476 44 1
7477 39 8
7478 12 7
7479 3 11
7480 46 8
7481 40 1
7482 20 6
7483 48 11
7484 47 5
7485 18 10
7486 35 11
7487 15 2
7488 51 6
7489 5 2
7490 49 3
7491 30 8
7492 26 8
7493 51 5
7494 36 1
7495 49 9
7496 9 3
7497 12 11
7498 35 2
7499 55 1
7500 17 6
7501 40 10
7502 50 8
7503 47 4
7504 4 4
7505 15 8
7506 41 8
7507 17 1
7508 2 7
7509 36 2
7510 20 5
7511 47 4
7512 55 9
7513 39 9
7514 54 11
7515 8 1
7516 50 2
7517 47 8
7518 49 10
7519 50 9
7520 33 6
7521 50 1
7522 32 6
7523 32 10
7524 35 6
7525 54 4
7526 3 10
7527 9 10
7528 7 8
7529 32 3
7530 44 1
7531 18 1
7532 45 5
7533 22 4
7534 55 9
7535 10 3
7536 19 3
7537 21 8
7538 18 11
7539 47 11
7540 45 8
7541 50 11
7542 6 2
7543 19 11
7544 1 9
7545 17 7
7546 27 1
7547 40 4
7548 42 11
7549 14 11
7550 11 8
7551 1 9
7552 12 4
7553 14 1
7554 13 10
7555 1 9
7556 25 9
7557 29 4
7558 12 4
7559 33 8
7560 16 5
7561 20 10
7562 54 10
7563 53 9
7564 14 1
7565 6 3
7566 22 4
7567 24 4
7568 19 11
7569 38 1
7570 6 2
7571 23 9
7572 40 2
7573 24 4
7574 18 9
7575 35 7
7576 37 8
7577 21 5
7578 25 5
7579 46 6
7580 22 10
7581 29 7
7582 53 2
7583 33 11
7584 30 2
7585 21 6
7586 30 9
7587 52 4
7588 19 4
7589 11 5
7590 50 1
7591 38 1
7592 1 8
7593 33 7
7594 23 4
7595 53 11
7596 40 8
7597 7 9
7598 28 9
7599 22 8
7600 4 6
7601 29 4
7602 37 11
7603 29 10
7604 10 11
7605 22 5
7606 16 1
7607 43 6
7608 41 9
7609 28 2
7610 48 9
7611 1 3
7612 20 2
7613 8 9
7614 4 3
7615 20 7
7616 33 2
7617 10 6
7618 1 4
7619 47 2
7620 1 11
7621 33 6
7622 27 9
7623 14 1
7624 17 2
7625 45 11
7626 46 4
7627 54 3
7628 26 10
7629 6 2
7630 17 1
7631 47 11
7632 23 6
7633 42 9
7634 35 10
7635 19 9
7636 31 4
7637 43 8
7638 56 4
7639 31 6
7640 12 3
7641 35 5
7642 10 3
7643 41 8
7644 50 8
7645 49 10
7646 8 4
7647 20 1
7648 52 4
7649 47 11
7650 22 5
7651 19 3
7652 42 3
7653 53 1
7654 6 11
7655 12 6
7656 53 7
7657 45 2
7658 31 2
7659 50 11
7660 3 6
7661 45 7
7662 31 8
7663 16 7
7664 19 10
7665 18 3
7666 42 4
7667 29 8
7668 15 7
7669 56 6
7670 13 8
7671 8 10
7672 25 1
7673 43 4
7674 37 6
7675 53 4
7676 8 10
7677 18 1
7678 35 7
7679 39 1
7680 40 7
7681 31 2
7682 30 4
7683 39 11
7684 23 10
7685 46 10
7686 42 11
7687 8 4
7688 35 1
7689 15 11
7690 41 2
7691 29 3
7692 27 6
7693 36 6
7694 51 5
7695 31 9
7696 3 3
7697 2 3
7698 7 8
7699 40 1
7700 55 10
7701 36 4
7702 43 5
7703 38 3
7704 17 3
7705 38 10
7706 19 8
7707 52 5
7708 14 5
7709 39 8
7710 55 9
7711 7 5
7712 51 3
7713 6 3
7714 44 3
7715 36 2
7716 41 10
7717 39 4
7718 26 7
7719 51 1
7720 9 4
7721 22 7
7722 22 1
7723 8 6
7724 20 10
7725 25 10
7726 11 3
7727 29 11
7728 4 6
7729 6 8
7730 19 9
7731 16 8
7732 42 7
7733 3 2
7734 26 7
7735 55 6
7736 16 2
7737 25 3
7738 20 3
7739 41 4
7740 32 1
7741 19 7
7742 47 4
7743 41 8
7744 27 3
7745 32 7
7746 1 4
7747 49 8
7748 23 2
7749 41 1
7750 29 7
7751 26 2
7752 33 3
7753 32 9
7754 42 3
7755 17 8
7756 1 6
7757 3 9
7758 22 7
7759 37 3
7760 29 9
7761 48 1
7762 34 4
7763 56 4
7764 12 5
7765 2 3
7766 27 3
7767 12 7
7768 42 2
7769 12 1
7770 53 7
7771 56 6
7772 44 2
7773 28 9
7774 7 8
7775 34 6
7776 25 10
7777 53 11
7778 46 3
7779 47 8
7780 15 8
7781 15 9
7782 28 1
7783 19 5
7784 18 5
7785 4 8
7786 10 5
7787 23 2
7788 45 5
7789 56 8
7790 52 9
7791 46 11
7792 9 3
7793 24 11
7794 53 4
7795 35 2
7796 38 3
7797 26 11
7798 25 8
7799 28 8
7800 1 8
7801 41 3
7802 41 8
7803 31 10
7804 4 7
7805 49 6
7806 16 11
7807 27 3
7808 7 1
7809 47 6
7810 37 11
7811 18 4
7812 23 6
7813 35 7
7814 32 4
7815 23 6
7816 21 3
7817 36 6
7818 30 9
7819 20 6
7820 2 9
7821 7 10
7822 42 3
7823 45 9
7824 35 4
7825 16 4
7826 15 4
7827 34 11
7828 18 4
7829 56 10
7830 29 6
7831 35 10
7832 31 1
7833 11 10
7834 45 3
7835 3 3
7836 14 7
7837 23 9
7838 21 3
7839 23 11
7840 14 8
7841 7 4
7842 1 7
7843 5 7
7844 23 4
7845 40 4
7846 28 3
7847 29 1
7848 26 5
7849 12 8
7850 11 6
7851 12 6
7852 18 3
7853 17 11
7854 32 2
7855 1 5
7856 31 3
7857 4 2
7858 38 5
7859 41 10
7860 21 4
7861 38 3
7862 38 1
7863 35 11
7864 6 5
7865 38 4
7866 51 10
7867 37 1
7868 56 1
7869 44 1
7870 12 10
7871 19 5
7872 7 1
7873 30 8
7874 31 11
7875 33 5
7876 24 7
7877 36 10
7878 52 10
7879 6 6
7880 9 7
7881 30 7
7882 16 3
7883 51 10
7884 37 4
7885 1 2
7886 51 9
7887 11 8
7888 41 4
7889 5 4
7890 27 4
7891 44 2
7892 13 7
7893 35 6
7894 42 7
7895 30 9
7896 48 6
7897 55 6
7898 31 3
7899 38 3
7900 52 9
7901 14 1
7902 34 1
7903 50 7
7904 46 4
7905 22 9
7906 17 5
7907 35 5
7908 19 5
7909 25 1
7910 27 2
7911 52 2
7912 3 6
7913 45 8
7914 45 3
7915 46 5
7916 33 5
7917 6 10
7918 20 10
7919 54 4
7920 14 4
7921 4 10
7922 23 8
7923 10 6
7924 34 8
7925 37 8
7926 37 8
7927 55 8
7928 34 11
7929 9 8
7930 14 7
7931 15 2
7932 42 2
7933 6 10
7934 25 2
7935 54 4
7936 15 9
7937 13 9
7938 42 6
7939 52 10
7940 56 5
7941 37 3
7942 49 5
7943 36 8
7944 52 6
7945 22 3
7946 43 2
7947 27 10
7948 17 1
7949 19 8
7950 36 10
7951 35 2
7952 39 11
7953 44 7
7954 45 8
7955 38 7
7956 39 4
7957 1 8
7958 30 10
7959 46 9
7960 51 8
7961 15 9
7962 34 10
7963 56 6
7964 28 2
7965 28 8
7966 48 11
7967 18 5
7968 26 7
7969 26 8
7970 4 2
7971 49 7
7972 16 7
7973 6 6
7974 11 7
7975 28 8
7976 52 11
7977 24 3
7978 24 2
7979 14 6
7980 52 5
7981 7 5
7982 49 11
7983 37 4
7984 14 6
7985 39 11
7986 38 7
7987 54 3
7988 21 6
7989 53 9
7990 50 1
7991 49 5
7992 14 4
7993 54 4
7994 28 9
7995 35 2
7996 35 4
7997 1 8
7998 25 7
7999 21 11
8000 33 7
8001 1 10
8002 13 4
8003 9 11
8004 18 5
8005 21 8
8006 51 9
8007 1 9
8008 36 6
8009 27 4
8010 18 6
8011 49 7
8012 30 5
8013 7 9
8014 34 4
8015 27 2
8016 52 8
8017 35 1
8018 55 6
8019 20 11
8020 17 2
8021 21 1
8022 41 2
8023 29 7
8024 10 7
8025 8 6
8026 13 1
8027 36 3
8028 9 6
8029 19 4
8030 16 4
8031 40 4
8032 12 6
8033 3 8
8034 9 3
8035 22 7
8036 33 7
8037 37 9
8038 9 6
8039 33 6
8040 20 8
8041 13 10
8042 30 10
8043 16 10
8044 24 6
8045 53 7
8046 4 10
8047 6 2
8048 34 6
8049 22 7
8050 38 6
8051 25 3
8052 5 4
8053 34 8
8054 46 9
8055 19 6
8056 26 7
8057 39 2
8058 38 4
8059 56 9
8060 51 11
8061 51 8
8062 16 3
8063 50 9
8064 23 6
8065 28 8
8066 51 10
8067 44 7
8068 8 9
8069 16 3
8070 46 2
8071 12 10
8072 8 3
8073 8 6
8074 45 7
8075 7 7
8076 11 10
8077 44 4
8078 17 8
8079 40 8
8080 18 7
8081 31 10
8082 52 11
8083 41 4
8084 28 7
8085 51 4
8086 39 9
8087 48 7
8088 14 5
8089 1 6
8090 26 11
8091 42 1
8092 31 3
8093 33 8
8094 9 8
8095 54 7
8096 52 5
8097 48 1
8098 46 4
8099 47 1
8100 38 1
8101 23 11
8102 37 6
8103 4 11
8104 1 6
8105 2 5
8106 38 5
8107 28 4
8108 50 8
8109 5 4
8110 17 11
8111 23 3
8112 20 6
8113 51 3
8114 16 4
8115 20 1
8116 28 9
8117 14 10
8118 53 7
8119 5 6
8120 15 8
8121 45 11
8122 7 1
8123 38 10
8124 48 7
8125 17 1
8126 39 6
8127 11 11
8128 19 4
8129 40 3
8130 36 4
8131 52 2
8132 45 1
8133 37 10
8134 33 1
8135 10 2
8136 8 11
8137 47 11
8138 38 7
8139 31 1
8140 15 10
8141 11 8
8142 8 11
8143 47 7
8144 21 1
8145 17 6
8146 44 2
8147 35 8
8148 31 11
8149 50 5
8150 16 3
8151 17 9
8152 49 5
8153 36 5
8154 10 5
8155 55 11
8156 44 10
8157 40 11
8158 48 9
8159 42 8
8160 12 9
8161 30 9
8162 41 2
8163 3 2
8164 5 9
8165 49 10
8166 39 4
8167 9 6
8168 53 4
8169 12 10
8170 25 8
8171 11 1
8172 46 4
8173 1 9
8174 14 10
8175 44 1
8176 34 1
8177 11 9
8178 7 7
8179 47 3
8180 37 1
8181 3 9
8182 42 5
8183 31 11
8184 20 10
8185 37 9
8186 25 1
8187 52 8
8188 39 4
8189 50 3
8190 56 10
8191 15 4
