11
0 38 9
1 11 1
2 21 10
3 49 6
4 37 10
5 1 4
6 49 6
7 38 2
8 18 6
9 32 2
10 54 8
11 51 8
12 20 3
13 52 1
14 49 9
15 7 6
16 27 7
17 50 7
18 6 6
19 19 3
20 55 4
21 46 4
22 6 8
23 19 9
24 21 9
25 48 6
26 10 3
27 49 9
28 23 8
29 19 5
30 30 7
31 42 7
32 24 9
33 35 9
34 2 1
35 8 1
36 56 6
37 43 2
38 17 1
39 27 3
40 24 4
41 24 3
42 15 7
43 3 10
44 23 9
45 24 9
46 6 8
47 45 6
48 53 6
49 23 8
50 23 10
51 9 11
52 19 2
53 36 11
54 49 1
55 50 4
56 47 11
57 10 9
58 44 6
59 15 9
60 17 6
61 30 11
62 18 8
63 3 11
64 55 6
65 41 2
66 15 8
67 56 8
68 8 2
69 29 1
70 39 1
71 8 6
72 10 9
73 51 1
74 41 8
75 37 5
76 38 1
77 31 1
78 24 4
79 30 7
80 13 10
81 15 6
82 27 7
83 55 6
84 5 1
85 5 11
86 2 5
87 19 9
88 7 11
89 32 8
90 12 9
91 14 2
92 22 9
93 50 7
94 44 2
95 55 6
96 31 9
97 32 10
98 8 4
99 15 2
100 38 5
101 18 6
102 42 8
103 11 3
104 25 4
105 32 11
106 28 4
107 42 6
108 28 7
109 42 4
110 35 10
111 22 10
112 43 2
113 9 11
114 14 1
115 25 6
116 46 9
117 15 10
118 43 1
119 15 1
120 26 10
121 35 9
122 15 3
123 41 6
124 22 10
125 32 11
126 10 2
127 56 10
128 33 5
129 45 1
130 32 4
131 5 4
132 30 6
133 11 11
134 39 10
135 28 4
136 33 7
137 27 3
138 6 9
139 48 10
140 14 6
141 46 6
142 55 1
143 22 6
144 47 2
145 7 6
146 38 9
147 48 9
148 1 5
149 55 11
150 48 11
151 54 1
152 11 5
153 16 10
154 15 10
155 28 2
156 38 11
157 52 5
158 23 6
159 50 3
160 54 11
161 19 8
162 28 4
163 34 2
164 56 9
165 39 1
166 23 6
167 51 1
168 41 3
169 49 7
170 37 10
171 36 3
172 32 10
173 31 4
174 29 7
175 13 9
176 41 4
177 19 7
178 44 10
179 50 9
180 9 8
181 27 11
182 46 6
183 56 8
184 1 6
185 28 10
186 8 11
187 48 11
188 22 2
189 5 9
190 7 10
191 22 4
192 10 8
193 55 1
194 4 11
195 37 1
196 2 10
197 36 3
198 33 9
199 48 1
200 49 11
201 43 9
202 56 3
203 38 5
204 26 1
205 21 6
206 7 3
207 48 4
208 49 3
209 38 7
210 46 5
211 11 3
212 52 9
213 3 3
214 7 8
215 47 6
216 55 3
217 46 8
218 37 2
219 12 6
220 40 6
221 39 11
222 56 3
223 48 7
224 22 4
225 7 5
226 42 11
227 21 7
228 17 6
229 40 9
230 54 2
231 4 2
232 55 6
233 40 3
234 46 11
235 54 2
236 28 1
237 2 5
238 39 3
239 9 5
240 1 11
241 24 10
242 29 10
243 3 9
244 15 3
245 40 10
246 14 6
247 36 9
248 44 10
249 9 1
250 30 4
251 48 5
252 48 4
253 30 5
254 40 11
255 50 7
256 40 3
257 20 8
258 30 9
259 49 10
260 23 6
261 11 8
262 20 10
263 12 3
264 14 5
265 21 5
266 48 6
267 36 2
268 50 1
269 15 6
270 19 5
271 37 5
272 21 7
273 51 9
274 8 7
275 5 7
276 41 7
277 48 9
278 51 6
279 43 5
280 52 10
281 19 6
282 31 7
283 26 2
284 23 2
285 10 8
286 16 11
287 2 6
288 16 1
289 7 9
290 1 7
291 51 4
292 1 7
293 29 7
294 51 4
295 31 4
296 12 9
297 9 7
298 4 11
299 37 9
300 45 9
301 21 3
302 27 6
303 6 5
304 47 7
305 8 2
306 40 2
307 48 8
308 22 9
309 52 5
310 12 1
311 28 10
312 41 4
313 46 6
314 46 2
315 50 11
316 18 4
317 34 5
318 6 2
319 24 7
320 26 9
321 25 2
322 35 3
323 30 1
324 2 4
325 56 11
326 12 7
327 32 7
328 49 7
329 56 8
330 40 5
331 25 4
332 19 1
333 54 5
334 56 2
335 9 11
336 55 11
337 28 8
338 6 6
339 31 8
340 14 8
341 3 9
342 44 1
343 40 9
344 38 6
345 19 11
346 49 11
347 45 5
348 9 2
349 53 2
350 8 9
351 24 3
352 53 6
353 28 1
354 44 5
355 41 8
356 40 1
357 28 3
358 26 8
359 39 8
360 51 4
361 47 1
362 34 4
363 28 6
364 45 9
365 33 5
366 28 9
367 3 7
368 24 2
369 23 5
370 15 11
371 35 7
372 8 3
373 38 4
374 52 9
375 29 5
376 25 2
377 31 3
378 43 1
379 13 4
380 14 9
381 5 4
382 5 11
383 18 10
384 54 7
385 17 2
386 56 9
387 6 9
388 49 9
389 56 7
390 36 1
391 48 4
392 45 9
393 25 9
394 10 11
395 6 5
396 45 10
397 21 9
398 17 10
399 13 11
400 45 10
401 51 11
402 19 1
403 25 9
404 6 1
405 16 8
406 45 9
407 50 1
408 3 10
409 39 3
410 21 2
411 19 2
412 45 1
413 17 3
414 29 1
415 49 11
416 22 4
417 21 4
418 2 10
419 27 3
420 1 11
421 21 5
422 33 9
423 14 8
424 53 4
425 55 11
426 38 11
427 55 11
428 26 4
429 39 6
430 44 3
431 3 5
432 3 1
433 22 4
434 45 2
435 2 3
436 24 8
437 1 10
438 32 2
439 21 2
440 8 8
441 15 3
442 22 9
443 3 5
444 6 5
445 54 11
446 3 11
447 9 9
448 56 10
449 23 11
450 9 2
451 36 2
452 28 8
453 53 1
454 18 7
455 53 8
456 52 5
457 38 4
458 20 5
459 50 11
460 29 6
461 46 6
462 21 5
463 21 4
464 28 11
465 14 8
466 37 11
467 32 9
468 45 3
469 16 10
470 29 9
471 40 3
472 56 4
473 37 8
474 35 11
475 39 3
476 37 10
477 10 1
478 29 6
479 1 3
480 26 4
481 50 9
482 10 7
483 52 6
484 37 5
485 10 4
486 56 3
487 27 8
488 32 10
489 26 9
490 32 7
491 21 7
492 29 2
493 32 1
494 44 4
495 14 7
496 2 5
497 28 7
498 32 10
499 11 4
500 30 6
501 31 9
502 17 11
503 26 7
504 43 7
505 43 2
506 3 2
507 36 8
508 18 10
509 24 7
510 3 3
511 50 2
