11
0 34 4
1 55 6
2 42 2
3 29 1
4 46 3
5 40 2
6 10 7
7 15 10
8 50 6
9 49 10
10 26 5
11 2 7
12 20 1
13 53 3
14 48 11
15 24 10
16 40 5
17 47 3
18 53 8
19 55 1
20 11 6
21 1 3
22 26 9
23 19 1
24 20 9
25 19 2
26 42 9
27 49 1
28 12 5
29 38 3
30 43 6
31 43 7
32 28 7
33 23 3
34 29 4
35 35 1
36 34 6
37 14 7
38 4 9
39 27 11
40 52 4
41 52 2
42 46 2
43 37 9
44 39 11
45 45 8
46 20 9
47 33 7
48 48 3
49 16 5
50 16 11
51 2 8
52 13 1
53 46 4
54 46 5
55 51 2
56 5 9
57 38 10
58 1 5
59 47 7
60 2 7
61 45 11
62 56 4
63 5 8
64 34 3
65 36 10
66 16 9
67 26 5
68 12 11
69 24 1
70 26 6
71 34 6
72 5 2
73 26 6
74 33 2
75 13 6
76 32 9
77 36 9
78 3 1
79 38 6
80 46 8
81 37 4
82 50 6
83 49 9
84 40 3
85 17 11
86 36 5
87 3 7
88 36 9
89 16 8
90 21 8
91 25 6
92 21 5
93 43 9
94 27 10
95 26 7
96 12 10
97 26 7
98 10 11
99 1 7
100 13 1
101 52 7
102 3 6
103 17 2
104 10 10
105 35 5
106 47 11
107 45 6
108 11 10
109 22 8
110 32 3
111 43 7
112 50 4
113 3 11
114 32 6
115 3 5
116 3 6
117 50 3
118 49 4
119 12 3
120 56 10
121 6 2
122 18 8
123 23 7
124 33 7
125 53 11
126 5 6
127 6 7
128 20 1
129 40 2
130 38 11
131 5 7
132 6 3
133 51 3
134 30 8
135 1 2
136 2 8
137 30 1
138 30 2
139 25 5
140 20 7
141 48 9
142 31 11
143 19 5
144 38 8
145 27 6
146 29 10
147 17 5
148 54 11
149 16 9
150 30 2
151 1 3
152 38 3
153 50 7
154 18 8
155 45 11
156 10 6
157 27 8
158 46 10
159 1 2
160 56 9
161 56 2
162 44 8
163 56 11
164 10 8
165 30 3
166 44 6
167 39 11
168 43 8
169 55 5
170 39 9
171 49 6
172 32 8
173 20 2
174 50 8
175 3 6
176 16 4
177 30 7
178 32 6
179 10 4
180 41 1
181 8 8
182 51 4
183 49 3
184 4 10
185 51 1
186 2 6
187 39 9
188 56 8
189 42 3
190 55 7
191 36 7
192 12 2
193 18 9
194 11 3
195 13 3
196 50 7
197 43 5
198 1 5
199 21 7
200 44 4
201 6 9
202 34 9
203 10 6
204 15 9
205 18 11
206 47 8
207 19 7
208 28 6
209 3 2
210 18 1
211 44 11
212 14 11
213 33 6
214 37 10
215 37 3
216 26 6
217 29 9
218 21 4
219 45 3
220 16 1
221 9 8
222 18 7
223 31 7
224 15 7
225 42 7
226 23 6
227 4 8
228 54 5
229 52 10
230 52 3
231 50 1
232 3 9
233 55 2
234 51 6
235 22 10
236 50 6
237 1 4
238 10 1
239 5 1
240 50 6
241 43 9
242 16 9
243 17 4
244 18 9
245 4 10
246 2 1
247 17 4
248 15 5
249 53 9
250 40 7
251 11 5
252 56 6
253 42 9
254 10 4
255 7 5
256 48 1
257 5 5
258 55 8
259 19 4
260 29 5
261 24 2
262 48 6
263 29 10
264 12 1
265 20 9
266 42 8
267 12 1
268 4 5
269 7 8
270 21 4
271 16 8
272 2 2
273 51 5
274 1 6
275 42 5
276 39 4
277 47 10
278 56 3
279 31 7
280 10 5
281 48 11
282 5 10
283 48 3
284 44 6
285 45 11
286 37 5
287 5 5
288 10 9
289 26 8
290 33 11
291 52 5
292 14 11
293 18 7
294 51 11
295 34 2
296 42 11
297 13 1
298 56 7
299 36 2
300 48 1
301 29 6
302 38 9
303 35 4
304 34 10
305 56 2
306 19 6
307 34 6
308 16 1
309 41 6
310 21 3
311 30 5
312 13 11
313 1 10
314 12 10
315 23 5
316 16 11
317 35 6
318 43 1
319 18 6
320 11 7
321 6 9
322 10 1
323 31 3
324 31 3
325 4 10
326 10 11
327 14 4
328 9 11
329 31 8
330 21 9
331 34 3
332 42 3
333 45 6
334 22 1
335 15 4
336 32 7
337 18 2
338 25 4
339 27 5
340 17 11
341 41 10
342 2 7
343 28 8
344 7 7
345 55 10
346 46 2
347 46 4
348 12 11
349 4 10
350 34 1
351 23 4
352 37 2
353 48 3
354 13 5
355 20 9
356 40 4
357 9 6
358 47 11
359 53 4
360 2 11
361 49 5
362 34 8
363 37 7
364 53 8
365 1 1
366 53 11
367 23 9
368 19 9
369 41 10
370 5 1
371 41 3
372 22 6
373 39 11
374 2 1
375 22 6
376 13 3
377 42 5
378 38 3
379 50 9
380 31 6
381 16 1
382 26 10
383 20 11
384 24 7
385 54 6
386 46 8
387 33 10
388 6 7
389 40 10
390 21 6
391 16 5
392 18 6
393 2 10
394 30 2
395 36 6
396 26 8
397 17 8
398 4 10
399 56 1
400 52 10
401 14 5
402 39 8
403 10 3
404 48 7
405 54 7
406 44 11
407 30 6
408 46 1
409 19 11
410 45 3
411 6 3
412 35 1
413 17 3
414 3 5
415 9 1
416 26 8
417 36 2
418 43 5
419 16 2
420 12 4
421 12 4
422 36 4
423 29 11
424 23 4
425 42 10
426 20 8
427 16 1
428 18 8
429 30 4
430 54 2
431 19 3
432 3 11
433 39 11
434 32 5
435 39 11
436 43 3
437 4 3
438 8 7
439 18 9
440 11 1
441 33 9
442 33 4
443 8 3
444 23 8
445 42 9
446 34 10
447 34 6
448 4 6
449 41 5
450 49 9
451 49 8
452 52 2
453 7 6
454 5 2
455 17 3
456 18 7
457 18 7
458 43 1
459 50 4
460 37 7
461 55 11
462 24 3
463 43 4
464 23 9
465 23 4
466 56 5
467 52 10
468 3 8
469 19 2
470 40 10
471 47 4
472 48 6
473 39 9
474 55 10
475 35 11
476 28 5
477 27 6
478 3 10
479 44 7
480 3 6
481 26 3
482 1 8
483 46 2
484 35 1
485 32 11
486 52 5
487 19 8
488 48 6
489 14 2
490 2 7
491 3 10
492 50 8
493 56 8
494 4 6
495 19 11
496 40 8
497 47 3
498 27 9
499 49 5
500 47 5
501 30 11
502 45 4
503 29 4
504 39 4
505 51 9
506 39 2
507 40 4
508 26 2
509 14 9
510 9 11
511 46 7
512 48 6
513 53 4
514 16 9
515 22 5
516 20 3
517 51 7
518 13 5
519 54 8
520 40 5
521 53 4
522 13 4
523 11 2
524 52 1
525 36 6
526 21 5
527 24 6
528 51 4
529 14 8
530 45 5
531 37 11
532 22 7
533 36 10
534 45 9
535 46 4
536 2 4
537 11 10
538 12 5
539 45 9
540 45 6
541 17 2
542 41 1
543 31 11
544 41 3
545 56 8
546 13 1
547 10 1
548 54 4
549 31 9
550 6 1
551 50 3
552 40 8
553 21 4
554 22 11
555 18 1
556 14 2
557 17 5
558 54 10
559 25 8
560 18 9
561 19 5
562 14 10
563 4 7
564 24 6
565 18 4
566 7 9
567 48 3
568 54 11
569 49 9
570 5 6
571 9 5
572 16 1
573 8 10
574 40 9
575 5 2
576 48 6
577 36 1
578 50 11
579 47 5
580 15 10
581 25 2
582 51 2
583 46 3
584 50 6
585 36 8
586 35 9
587 36 8
588 7 1
589 26 11
590 38 9
591 23 9
592 46 5
593 53 5
594 40 5
595 15 1
596 11 3
597 42 2
598 31 10
599 5 11
600 17 5
601 18 7
602 4 5
603 33 5
604 53 10
605 5 2
606 20 10
607 33 5
608 30 4
609 50 4
610 5 6
611 39 4
612 16 5
613 47 6
614 18 5
615 7 1
616 41 11
617 41 5
618 16 3
619 11 11
620 41 1
621 13 8
622 42 6
623 41 4
624 52 6
625 36 11
626 52 8
627 24 8
628 37 6
629 9 2
630 12 10
631 51 6
632 50 2
633 31 6
634 10 4
635 4 9
636 22 9
637 56 7
638 25 8
639 45 11
640 21 3
641 18 7
642 27 5
643 27 5
644 12 4
645 51 10
646 30 8
647 25 7
648 12 9
649 9 8
650 10 6
651 32 8
652 17 11
653 5 6
654 55 10
655 41 3
656 2 9
657 24 7
658 30 10
659 26 3
660 36 6
661 31 5
662 51 8
663 24 2
664 40 3
665 53 2
666 56 3
667 24 11
668 47 9
669 48 5
670 19 7
671 46 5
672 19 8
673 43 4
674 42 1
675 49 4
676 43 2
677 21 3
678 25 6
679 23 3
680 5 3
681 32 10
682 36 6
683 29 11
684 20 4
685 27 11
686 48 2
687 22 4
688 32 6
689 21 11
690 16 7
691 30 1
692 1 5
693 19 11
694 9 6
695 55 6
696 2 11
697 47 11
698 38 4
699 56 4
700 18 5
701 29 5
702 12 2
703 37 3
704 56 10
705 54 11
706 42 5
707 15 6
708 14 8
709 13 6
710 41 1
711 17 8
712 51 5
713 25 2
714 41 10
715 35 10
716 41 2
717 31 9
718 43 2
719 53 10
720 3 3
721 18 9
722 13 5
723 49 5
724 44 2
725 56 5
726 22 11
727 49 5
728 30 11
729 14 9
730 12 7
731 16 8
732 46 7
733 16 6
734 10 10
735 56 3
736 40 7
737 12 9
738 41 11
739 19 3
740 39 9
741 21 5
742 6 2
743 34 10
744 18 5
745 40 1
746 22 9
747 52 7
748 49 2
749 39 4
750 7 6
751 36 8
752 20 1
753 24 8
754 45 5
755 18 2
756 18 7
757 41 8
758 4 10
759 1 4
760 32 9
761 28 10
762 32 7
763 32 2
764 27 3
765 34 1
766 25 3
767 41 11
768 36 8
769 3 1
770 22 4
771 43 6
772 4 5
773 12 5
774 21 3
775 46 8
776 6 1
777 27 6
778 36 8
779 37 2
780 50 3
781 18 11
782 26 3
783 13 7
784 45 8
785 55 11
786 1 5
787 1 1
788 26 5
789 6 10
790 52 7
791 34 11
792 10 4
793 47 8
794 44 8
795 35 3
796 40 4
797 40 7
798 29 6
799 39 9
800 4 2
801 47 11
802 5 7
803 49 6
804 23 5
805 22 9
806 38 3
807 55 6
808 24 1
809 33 7
810 34 8
811 45 3
812 44 9
813 24 3
814 41 4
815 46 5
816 22 8
817 51 9
818 33 4
819 6 10
820 41 9
821 40 1
822 3 4
823 41 1
824 20 11
825 9 2
826 12 10
827 21 9
828 20 1
829 18 9
830 13 10
831 20 9
832 24 5
833 29 2
834 54 10
835 12 4
836 54 7
837 22 2
838 33 2
839 23 2
840 49 7
841 21 10
842 47 9
843 46 5
844 28 1
845 15 8
846 18 9
847 18 4
848 46 10
849 30 1
850 11 10
851 17 5
852 23 7
853 49 7
854 1 6
855 3 4
856 9 6
857 34 10
858 32 4
859 26 8
860 46 3
861 10 11
862 5 9
863 19 9
864 32 11
865 12 10
866 11 5
867 20 3
868 21 3
869 14 7
870 17 7
871 16 8
872 42 7
873 13 6
874 19 6
875 16 8
876 13 9
877 6 10
878 15 4
879 17 3
880 46 7
881 10 1
882 27 9
883 36 3
884 42 11
885 12 5
886 9 5
887 27 1
888 49 11
889 15 2
890 11 1
891 2 11
892 17 10
893 48 7
894 15 8
895 14 10
896 46 7
897 47 2
898 1 6
899 24 9
900 45 8
901 7 8
902 43 10
903 21 9
904 7 4
905 20 1
906 46 4
907 30 9
908 26 6
909 40 1
910 25 7
911 29 7
912 8 6
913 46 7
914 19 2
915 2 6
916 8 8
917 22 7
918 35 4
919 45 6
920 11 6
921 47 5
922 11 9
923 16 5
924 49 3
925 19 2
926 45 3
927 9 2
928 10 9
929 48 2
930 54 1
931 48 7
932 6 6
933 3 3
934 47 10
935 38 8
936 4 6
937 17 7
938 42 7
939 17 6
940 9 8
941 8 5
942 38 8
943 33 3
944 46 5
945 44 10
946 55 10
947 56 4
948 13 5
949 39 7
950 30 11
951 20 5
952 17 5
953 11 9
954 29 11
955 11 10
956 38 7
957 37 3
958 47 5
959 23 4
960 28 6
961 50 4
962 55 3
963 52 8
964 1 10
965 30 3
966 28 11
967 2 6
968 41 11
969 42 6
970 35 8
971 25 4
972 52 7
973 19 8
974 49 5
975 39 2
976 18 5
977 22 3
978 9 2
979 20 11
980 4 5
981 43 11
982 11 2
983 37 3
984 8 9
985 9 3
986 9 9
987 6 11
988 6 4
989 32 8
990 37 8
991 11 11
992 34 9
993 18 8
994 37 4
995 30 9
996 14 4
997 13 9
998 51 9
999 46 7
1000 31 10
1001 3 3
1002 3 9
1003 30 8
1004 9 5
1005 46 2
1006 14 11
1007 11 8
1008 34 3
1009 31 6
1010 15 9
1011 40 6
1012 18 7
1013 11 3
1014 12 10
1015 7 6
1016 25 11
1017 5 4
1018 21 7
1019 27 10
1020 48 9
1021 14 5
1022 51 5
1023 12 5
1024 27 1
1025 4 1
1026 15 8
1027 45 7
1028 39 9
1029 33 9
1030 37 6
1031 34 9
1032 24 4
1033 55 6
1034 50 7
1035 28 4
1036 12 8
1037 17 7
1038 25 2
1039 17 4
1040 25 1
1041 30 2
1042 31 8
1043 19 3
1044 23 4
1045 11 10
1046 39 11
1047 36 7
1048 1 6
1049 32 3
1050 42 7
1051 26 5
1052 11 2
1053 49 11
1054 43 3
1055 20 7
1056 21 11
1057 7 4
1058 2 11
1059 41 9
1060 29 2
1061 27 4
1062 49 1
1063 45 2
1064 45 8
1065 19 9
1066 28 8
1067 22 10
1068 32 8
1069 22 4
1070 39 7
1071 42 6
1072 23 7
1073 30 11
1074 13 2
1075 37 7
1076 33 5
1077 16 3
1078 18 3
1079 16 7
1080 43 4
1081 2 5
1082 21 10
1083 32 11
1084 5 3
1085 21 1
1086 2 10
1087 18 7
1088 1 1
1089 16 5
1090 11 3
1091 47 7
1092 25 7
1093 55 2
1094 21 10
1095 17 1
1096 49 11
1097 34 8
1098 44 10
1099 50 11
1100 51 2
1101 10 6
1102 52 8
1103 23 8
1104 8 4
1105 18 6
1106 36 6
1107 54 4
1108 13 10
1109 49 7
1110 33 4
1111 53 4
1112 54 4
1113 24 1
1114 2 1
1115 22 2
1116 17 8
1117 54 10
1118 21 6
1119 18 3
1120 42 9
1121 42 2
1122 14 11
1123 49 9
1124 41 3
1125 46 7
1126 48 1
1127 8 11
1128 44 1
1129 36 7
1130 24 9
1131 5 3
1132 24 11
1133 54 1
1134 3 4
1135 53 11
1136 26 5
1137 54 3
1138 24 2
1139 5 3
1140 49 11
1141 2 7
1142 51 6
1143 56 11
1144 20 5
1145 50 3
1146 20 7
1147 8 1
1148 36 6
1149 52 6
1150 22 8
1151 39 7
1152 37 9
1153 48 10
1154 2 10
1155 24 10
1156 28 1
1157 14 11
1158 56 1
1159 12 3
1160 36 5
1161 15 8
1162 1 10
1163 4 9
1164 45 6
1165 51 6
1166 53 1
1167 32 4
1168 31 9
1169 26 1
1170 38 4
1171 3 2
1172 25 1
1173 3 8
1174 46 7
1175 54 5
1176 18 7
1177 23 7
1178 53 4
1179 25 9
1180 2 4
1181 11 3
1182 48 4
1183 35 8
1184 44 1
1185 38 10
1186 52 7
1187 33 8
1188 44 11
1189 31 7
1190 39 6
1191 47 4
1192 49 5
1193 1 7
1194 11 4
1195 34 7
1196 29 3
1197 35 7
1198 43 8
1199 32 6
1200 5 5
1201 21 10
1202 5 3
1203 38 7
1204 22 7
1205 8 7
1206 4 2
1207 9 10
1208 1 4
1209 25 4
1210 30 8
1211 48 9
1212 41 1
1213 56 2
1214 45 10
1215 39 9
1216 14 6
1217 37 10
1218 55 1
1219 34 5
1220 39 5
1221 41 8
1222 8 4
1223 27 5
1224 11 8
1225 40 8
1226 49 11
1227 43 1
1228 50 6
1229 50 11
1230 55 4
1231 1 6
1232 21 11
1233 27 8
1234 7 7
1235 18 1
1236 45 9
1237 2 6
1238 47 9
1239 19 9
1240 30 2
1241 34 4
1242 9 3
1243 38 5
1244 27 10
1245 33 5
1246 40 7
1247 36 4
1248 20 6
1249 20 10
1250 5 1
1251 33 6
1252 37 7
1253 13 7
1254 1 8
1255 19 5
1256 49 6
1257 9 8
1258 16 2
1259 36 3
1260 17 1
1261 18 2
1262 35 6
1263 25 2
1264 32 4
1265 26 4
1266 9 2
1267 27 9
1268 37 1
1269 42 1
1270 49 9
1271 20 9
1272 7 11
1273 17 8
1274 20 1
1275 25 10
1276 33 3
1277 46 8
1278 37 1
1279 54 6
1280 49 1
1281 56 8
1282 9 2
1283 4 6
1284 25 5
1285 29 11
1286 37 6
1287 5 10
1288 50 4
1289 44 7
1290 13 9
1291 53 5
1292 20 2
1293 54 2
1294 22 7
1295 27 4
1296 44 7
1297 33 8
1298 36 8
1299 23 5
1300 51 11
1301 9 11
1302 35 6
1303 47 6
1304 14 5
1305 23 10
1306 13 2
1307 38 3
1308 10 6
1309 47 7
1310 29 11
1311 31 3
1312 3 4
1313 12 11
1314 12 7
1315 42 1
1316 25 9
1317 43 5
1318 10 1
1319 28 11
1320 56 9
1321 19 9
1322 11 1
1323 39 3
1324 56 11
1325 55 10
1326 45 5
1327 29 5
1328 15 9
1329 14 11
1330 14 1
1331 51 3
1332 34 3
1333 36 9
1334 22 6
1335 48 10
1336 45 6
1337 52 8
1338 37 8
1339 32 6
1340 18 4
1341 44 2
1342 2 7
1343 25 5
1344 51 1
1345 38 10
1346 35 9
1347 6 10
1348 42 5
1349 29 10
1350 37 11
1351 4 4
1352 55 10
1353 27 10
1354 27 5
1355 48 6
1356 37 4
1357 18 6
1358 23 3
1359 18 9
1360 30 2
1361 41 6
1362 2 11
1363 46 1
1364 10 10
1365 45 7
1366 32 3
1367 28 5
1368 13 8
1369 34 9
1370 26 9
1371 31 1
1372 9 11
1373 19 10
1374 3 2
1375 20 3
1376 16 10
1377 39 7
1378 12 11
1379 4 5
1380 19 10
1381 18 1
1382 15 11
1383 39 9
1384 45 6
1385 27 3
1386 26 5
1387 1 2
1388 28 10
1389 22 11
1390 49 7
1391 42 11
1392 31 7
1393 49 9
1394 36 8
1395 45 9
1396 25 5
1397 5 10
1398 40 3
1399 36 8
1400 42 4
1401 36 1
1402 30 6
1403 56 1
1404 4 7
1405 27 9
1406 34 10
1407 25 10
1408 2 10
1409 55 1
1410 23 6
1411 37 10
1412 11 3
1413 24 7
1414 26 3
1415 19 8
1416 37 6
1417 48 8
1418 34 10
1419 1 1
1420 25 5
1421 37 2
1422 9 5
1423 23 7
1424 50 2
1425 35 1
1426 20 6
1427 52 7
1428 49 10
1429 23 4
1430 38 10
1431 29 9
1432 23 6
1433 18 5
1434 1 5
1435 50 10
1436 50 2
1437 6 10
1438 8 2
1439 51 6
1440 12 8
1441 11 7
1442 24 8
1443 39 3
1444 32 4
1445 22 11
1446 8 8
1447 39 4
1448 17 8
1449 3 6
1450 41 5
1451 34 11
1452 24 6
1453 18 6
1454 40 7
1455 13 1
1456 47 3
1457 45 7
1458 19 10
1459 20 1
1460 41 3
1461 50 3
1462 48 5
1463 23 6
1464 20 9
1465 36 3
1466 24 4
1467 25 6
1468 53 1
1469 37 9
1470 36 1
1471 34 1
1472 11 5
1473 38 9
1474 23 5
1475 20 2
1476 55 4
1477 42 3
1478 40 6
1479 45 2
1480 56 7
1481 5 1
1482 6 8
1483 10 8
1484 31 8
1485 1 6
1486 34 5
1487 14 7
1488 35 2
1489 38 6
1490 43 4
1491 1 6
1492 8 11
1493 25 4
1494 19 5
1495 17 3
1496 49 3
1497 2 1
1498 46 11
1499 45 11
1500 18 7
1501 47 1
1502 44 5
1503 47 4
1504 46 6
1505 5 6
1506 35 7
1507 51 5
1508 29 9
1509 40 11
1510 21 5
1511 41 7
1512 50 5
1513 11 3
1514 37 1
1515 16 6
1516 9 2
1517 22 8
1518 36 8
1519 7 3
1520 30 6
1521 38 3
1522 56 1
1523 11 3
1524 21 6
1525 25 2
1526 53 5
1527 30 9
1528 36 4
1529 54 10
1530 1 2
1531 37 8
1532 54 11
1533 13 1
1534 4 10
1535 48 7
1536 33 6
1537 1 9
1538 30 4
1539 22 9
1540 49 7
1541 44 6
1542 12 4
1543 15 2
1544 55 11
1545 26 6
1546 5 8
1547 22 5
1548 4 9
1549 49 7
1550 34 8
1551 50 6
1552 4 8
1553 1 2
1554 38 4
1555 15 8
1556 52 1
1557 24 6
1558 28 2
1559 25 3
1560 48 8
1561 34 2
1562 37 7
1563 52 1
1564 48 1
1565 52 6
1566 3 7
1567 35 1
1568 45 4
1569 41 5
1570 1 6
1571 8 9
1572 34 9
1573 21 4
1574 19 4
1575 29 9
1576 22 6
1577 32 1
1578 2 2
1579 30 1
1580 40 10
1581 11 8
1582 18 10
1583 34 6
1584 6 10
1585 22 1
1586 54 11
1587 16 7
1588 37 3
1589 38 8
1590 55 1
1591 5 1
1592 18 6
1593 28 11
1594 22 10
1595 22 5
1596 9 11
1597 15 6
1598 24 3
1599 26 11
1600 40 8
1601 41 7
1602 31 5
1603 35 5
1604 13 6
1605 32 3
1606 5 8
1607 31 5
1608 27 8
1609 21 4
1610 12 8
1611 53 3
1612 16 4
1613 9 11
1614 49 9
1615 55 9
1616 3 1
1617 31 10
1618 36 4
1619 40 10
1620 56 10
1621 52 3
1622 35 4
1623 44 7
1624 41 6
1625 12 8
1626 4 3
1627 23 2
1628 22 11
1629 23 2
1630 11 9
1631 34 3
1632 39 6
1633 27 10
1634 15 7
1635 53 10
1636 22 11
1637 40 5
1638 7 6
1639 9 5
1640 1 7
1641 31 1
1642 35 11
1643 39 5
1644 50 2
1645 13 6
1646 43 4
1647 1 3
1648 2 11
1649 3 3
1650 16 7
1651 1 8
1652 7 10
1653 1 8
1654 4 1
1655 48 7
1656 40 11
1657 56 2
1658 49 6
1659 25 3
1660 30 2
1661 2 2
1662 49 7
1663 1 11
1664 20 3
1665 1 1
1666 12 8
1667 33 2
1668 2 1
1669 2 11
1670 36 1
1671 21 10
1672 16 3
1673 17 4
1674 37 1
1675 22 1
1676 40 2
1677 12 8
1678 2 2
1679 41 11
1680 55 9
1681 49 9
1682 24 1
1683 18 8
1684 2 8
1685 30 9
1686 34 9
1687 16 7
1688 3 7
1689 25 11
1690 25 2
1691 50 6
1692 14 11
1693 56 8
1694 31 3
1695 51 8
1696 43 4
1697 37 1
1698 25 10
1699 1 5
1700 28 10
1701 21 3
1702 30 1
1703 15 2
1704 20 2
1705 2 4
1706 17 10
1707 45 1
1708 10 6
1709 50 5
1710 23 1
1711 40 2
1712 47 3
1713 2 1
1714 38 6
1715 7 1
1716 42 2
1717 26 3
1718 14 6
1719 19 1
1720 46 5
1721 5 4
1722 7 10
1723 33 5
1724 56 3
1725 54 5
1726 10 6
1727 26 6
1728 31 10
1729 33 11
1730 11 10
1731 22 6
1732 45 10
1733 46 3
1734 27 3
1735 25 11
1736 5 6
1737 50 3
1738 12 1
1739 31 1
1740 4 3
1741 41 1
1742 29 5
1743 51 3
1744 41 3
1745 19 1
1746 53 10
1747 50 3
1748 27 8
1749 50 7
1750 50 11
1751 11 2
1752 30 9
1753 9 11
1754 55 2
1755 31 10
1756 14 1
1757 5 5
1758 33 9
1759 28 1
1760 6 7
1761 32 9
1762 4 9
1763 11 2
1764 37 4
1765 18 11
1766 10 11
1767 49 3
1768 24 8
1769 31 3
1770 55 10
1771 40 1
1772 43 10
1773 29 4
1774 56 7
1775 8 6
1776 4 4
1777 52 4
1778 31 6
1779 43 8
1780 44 1
1781 34 4
1782 31 8
1783 39 10
1784 16 10
1785 12 10
1786 6 2
1787 34 3
1788 29 9
1789 36 1
1790 42 11
1791 3 7
1792 37 6
1793 34 3
1794 7 2
1795 47 6
1796 39 10
1797 22 3
1798 25 9
1799 22 1
1800 26 7
1801 45 3
1802 11 7
1803 29 6
1804 18 11
1805 52 2
1806 38 4
1807 49 11
1808 42 10
1809 1 5
1810 20 5
1811 10 4
1812 38 11
1813 41 4
1814 23 2
1815 51 7
1816 56 4
1817 38 8
1818 38 6
1819 4 4
1820 37 9
1821 39 7
1822 50 3
1823 7 6
1824 30 2
1825 29 2
1826 5 7
1827 24 6
1828 37 11
1829 42 5
1830 21 1
1831 26 8
1832 37 4
1833 14 2
1834 37 6
1835 56 11
1836 34 9
1837 19 6
1838 39 1
1839 46 8
1840 16 7
1841 29 7
1842 55 11
1843 28 8
1844 47 9
1845 27 4
1846 3 2
1847 46 6
1848 24 3
1849 39 8
1850 7 11
1851 19 10
1852 53 6
1853 45 9
1854 35 11
1855 18 5
1856 14 4
1857 40 9
1858 28 4
1859 18 6
1860 25 10
1861 56 4
1862 33 3
1863 45 1
1864 53 1
1865 50 4
1866 27 8
1867 36 7
1868 32 6
1869 20 6
1870 41 7
1871 32 3
1872 55 11
1873 40 10
1874 53 10
1875 42 7
1876 42 4
1877 42 7
1878 32 3
1879 2 11
1880 25 1
1881 34 11
1882 18 3
1883 36 1
1884 13 1
1885 32 11
1886 9 11
1887 25 1
1888 39 2
1889 43 1
1890 49 1
1891 47 2
1892 22 6
1893 13 5
1894 12 4
1895 56 4
1896 49 2
1897 49 10
1898 20 6
1899 1 1
1900 18 8
1901 31 1
1902 2 2
1903 19 10
1904 5 8
1905 49 6
1906 43 4
1907 13 4
1908 49 10
1909 43 7
1910 43 5
1911 17 7
1912 10 6
1913 40 1
1914 41 7
1915 33 11
1916 7 9
1917 23 9
1918 24 7
1919 11 5
1920 14 7
1921 4 5
1922 46 11
1923 51 5
1924 20 10
1925 40 5
1926 14 1
1927 12 1
1928 50 9
1929 3 2
1930 30 5
1931 29 8
1932 14 6
1933 2 11
1934 42 11
1935 29 2
1936 52 10
1937 54 7
1938 11 6
1939 8 4
1940 42 3
1941 42 2
1942 17 10
1943 20 6
1944 4 5
1945 51 9
1946 30 6
1947 54 9
1948 9 3
1949 5 3
1950 14 6
1951 48 1
1952 55 11
1953 31 9
1954 15 9
1955 38 6
1956 50 10
1957 31 5
1958 29 6
1959 47 8
1960 17 11
1961 43 2
1962 10 11
1963 50 2
1964 14 5
1965 12 9
1966 51 11
1967 22 3
1968 5 8
1969 16 3
1970 19 8
1971 15 3
1972 10 3
1973 34 7
1974 44 4
1975 24 8
1976 8 10
1977 17 6
1978 47 9
1979 12 5
1980 50 2
1981 30 4
1982 26 3
1983 50 9
1984 44 1
1985 16 4
1986 29 3
1987 15 7
1988 20 6
1989 20 6
1990 56 8
1991 7 3
1992 35 10
1993 19 1
1994 20 5
1995 1 4
1996 50 5
1997 21 11
1998 39 5
1999 44 6
2000 33 9
2001 3 2
2002 45 4
2003 38 6
2004 26 1
2005 31 1
2006 1 4
2007 52 3
2008 8 7
2009 53 8
2010 42 3
2011 14 7
2012 7 2
2013 18 7
2014 6 11
2015 36 11
2016 32 1
2017 8 5
2018 28 6
2019 19 1
2020 11 9
2021 48 1
2022 47 5
2023 47 3
2024 32 9
2025 50 2
2026 16 11
2027 27 6
2028 28 7
2029 20 1
2030 32 4
2031 40 6
2032 55 5
2033 13 11
2034 48 6
2035 18 1
2036 23 11
2037 42 10
2038 6 10
2039 9 4
2040 34 7
2041 21 2
2042 36 7
2043 2 8
2044 1 9
2045 25 2
2046 32 5
2047 53 7
