11
0 17 7
1 33 4
2 10 3
3 32 10
4 42 11
5 32 8
6 23 9
7 30 8
8 20 11
9 12 1
10 18 1
11 12 8
12 5 2
13 50 3
14 51 3
15 22 7
16 48 7
17 55 7
18 1 7
19 43 6
20 53 5
21 43 6
22 13 1
23 43 7
24 29 5
25 33 3
26 55 6
27 5 3
28 46 7
29 52 11
30 16 9
31 39 2
32 54 4
33 30 8
34 10 5
35 52 4
36 23 3
37 16 5
38 3 2
39 53 2
40 11 5
41 2 3
42 21 9
43 30 8
44 1 2
45 38 1
46 21 2
47 54 8
48 22 1
49 19 5
50 48 6
51 29 5
52 30 9
53 11 10
54 3 7
55 53 3
56 43 10
57 34 2
58 26 3
59 44 7
60 35 8
61 21 2
62 39 11
63 25 3
64 44 3
65 11 3
66 52 5
67 25 4
68 37 1
69 1 6
70 48 5
71 9 1
72 15 2
73 28 8
74 32 10
75 5 8
76 36 8
77 51 5
78 8 6
79 19 9
80 55 10
81 11 7
82 5 10
83 51 8
84 5 9
85 3 8
86 21 8
87 11 1
88 9 9
89 8 5
90 2 7
91 13 5
92 43 11
93 50 5
94 40 9
95 8 9
96 24 3
97 29 4
98 9 3
99 42 2
100 22 3
101 2 3
102 2 2
103 50 2
104 32 6
105 40 7
106 20 9
107 21 9
108 18 1
109 52 10
110 9 9
111 22 9
112 51 9
113 26 2
114 42 2
115 43 10
116 53 10
117 56 4
118 14 3
119 37 11
120 27 5
121 42 1
122 15 2
123 12 1
124 20 5
125 54 9
126 10 3
127 25 6
128 33 6
129 45 4
130 10 11
131 30 8
132 35 4
133 19 5
134 3 4
135 50 7
136 24 10
137 5 10
138 21 5
139 10 9
140 10 6
141 11 1
142 37 2
143 42 2
144 5 4
145 14 3
146 30 9
147 17 3
148 56 8
149 13 4
150 5 10
151 48 6
152 20 7
153 3 7
154 50 11
155 8 8
156 50 2
157 53 5
158 17 1
159 7 3
160 7 11
161 20 4
162 6 8
163 14 9
164 27 3
165 12 10
166 45 7
167 36 7
168 36 5
169 51 5
170 34 2
171 10 7
172 21 2
173 53 9
174 20 6
175 26 7
176 7 7
177 26 8
178 56 7
179 50 6
180 53 3
181 5 7
182 46 2
183 23 9
184 28 1
185 26 9
186 7 3
187 37 8
188 24 5
189 44 11
190 45 2
191 34 5
192 15 8
193 5 6
194 55 1
195 45 8
196 27 6
197 54 10
198 41 3
199 55 5
200 32 11
201 3 11
202 24 10
203 36 10
204 10 1
205 42 1
206 32 2
207 30 6
208 34 7
209 27 3
210 39 1
211 33 4
212 24 6
213 39 11
214 55 2
215 32 7
216 45 7
217 40 8
218 36 2
219 20 7
220 42 7
221 38 10
222 9 10
223 40 8
224 38 5
225 17 7
226 53 5
227 6 3
228 36 1
229 27 7
230 3 7
231 45 7
232 25 4
233 34 10
234 53 7
235 5 10
236 9 11
237 16 2
238 23 3
239 41 10
240 6 7
241 47 3
242 22 11
243 50 5
244 7 10
245 39 7
246 54 7
247 56 1
248 28 8
249 38 5
250 50 1
251 17 4
252 29 1
253 37 10
254 35 6
255 14 9
