11
0 37 5
1 43 5
2 35 1
3 50 3
4 1 8
5 19 9
6 13 1
7 37 5
8 8 3
9 38 1
10 55 3
11 18 4
12 52 1
13 56 1
14 9 4
15 34 11
16 14 7
17 25 4
18 3 2
19 32 6
20 37 7
21 46 9
22 55 9
23 42 8
24 34 10
25 44 5
26 1 5
27 55 2
28 28 1
29 12 1
30 20 3
31 19 8
32 41 7
33 8 7
34 56 5
35 55 11
36 24 6
37 10 9
38 9 5
39 4 11
40 27 8
41 39 3
42 37 9
43 39 5
44 21 11
45 1 7
46 13 2
47 49 4
48 38 5
49 21 6
50 32 7
51 32 9
52 6 4
53 25 8
54 17 4
55 47 5
56 47 5
57 39 2
58 22 10
59 12 7
60 15 7
61 43 5
62 41 10
63 44 6
64 17 8
65 48 11
66 45 5
67 10 2
68 10 9
69 30 8
70 33 10
71 45 5
72 10 7
73 33 1
74 17 2
75 10 3
76 39 8
77 4 4
78 28 6
79 33 6
80 44 6
81 7 6
82 41 1
83 55 4
84 47 5
85 38 3
86 42 3
87 47 5
88 7 11
89 2 8
90 40 2
91 47 5
92 32 5
93 38 8
94 21 5
95 7 10
96 34 4
97 13 2
98 45 11
99 39 10
100 13 5
101 56 6
102 14 9
103 6 3
104 40 7
105 44 3
106 19 10
107 43 11
108 10 9
109 44 9
110 17 5
111 10 3
112 18 11
113 48 5
114 25 4
115 3 10
116 3 2
117 22 8
118 43 3
119 17 2
120 33 10
121 29 6
122 21 8
123 3 4
124 17 11
125 29 1
126 21 9
127 24 1
128 33 1
129 35 5
130 4 3
131 29 9
132 17 5
133 35 11
134 48 8
135 5 10
136 38 9
137 38 2
138 8 4
139 29 6
140 38 10
141 35 9
142 6 9
143 29 8
144 19 11
145 35 3
146 3 3
147 14 5
148 18 7
149 40 10
150 49 4
151 53 2
152 56 9
153 38 5
154 41 3
155 22 2
156 33 2
157 30 10
158 2 8
159 29 9
160 12 2
161 12 8
162 14 4
163 14 8
164 5 5
165 30 1
166 14 8
167 12 5
168 44 2
169 20 10
170 7 9
171 7 4
172 45 8
173 30 2
174 30 5
175 32 1
176 21 6
177 4 3
178 30 4
179 49 9
180 40 3
181 37 4
182 48 2
183 17 6
184 49 9
185 33 2
186 17 3
187 24 11
188 43 4
189 17 4
190 49 7
191 41 8
192 24 6
193 28 5
194 39 9
195 31 3
196 18 9
197 31 5
198 39 9
199 11 1
200 12 10
201 14 11
202 50 1
203 36 9
204 56 2
205 35 5
206 32 11
207 8 11
208 37 7
209 2 8
210 33 11
211 39 7
212 55 11
213 46 8
214 50 9
215 17 8
216 42 1
217 23 8
218 49 4
219 19 8
220 40 1
221 22 6
222 51 2
223 26 5
224 28 8
225 8 8
226 29 7
227 54 9
228 3 7
229 52 1
230 48 5
231 23 9
232 32 10
233 41 5
234 29 4
235 6 4
236 45 1
237 46 1
238 44 10
239 26 4
240 13 10
241 17 10
242 48 3
243 38 3
244 40 1
245 1 1
246 41 8
247 1 3
248 12 1
249 8 7
250 41 6
251 36 4
252 51 10
253 55 4
254 42 9
255 52 8
256 1 8
257 23 9
258 50 2
259 29 2
260 41 6
261 55 10
262 5 8
263 43 10
264 13 1
265 44 7
266 29 8
267 8 11
268 52 3
269 28 5
270 20 3
271 47 8
272 5 8
273 10 6
274 2 6
275 30 6
276 28 1
277 52 8
278 48 3
279 16 9
280 7 2
281 12 5
282 41 7
283 46 8
284 34 11
285 31 2
286 41 1
287 41 11
288 10 11
289 2 5
290 8 1
291 18 3
292 19 5
293 39 5
294 29 2
295 10 7
296 20 10
297 42 2
298 7 2
299 43 2
300 27 3
301 8 3
302 20 4
303 20 8
304 19 3
305 9 9
306 6 1
307 27 11
308 2 6
309 45 9
310 32 6
311 18 11
312 42 9
313 12 4
314 31 1
315 56 4
316 56 10
317 30 3
318 8 9
319 33 5
320 47 2
321 42 5
322 48 11
323 19 9
324 35 9
325 25 11
326 13 8
327 21 4
328 6 9
329 47 11
330 27 3
331 48 2
332 1 2
333 3 10
334 44 5
335 29 3
336 23 9
337 34 8
338 20 1
339 48 4
340 21 3
341 1 9
342 16 11
343 27 5
344 54 11
345 26 5
346 42 8
347 31 3
348 21 6
349 55 2
350 17 11
351 52 9
352 41 2
353 52 7
354 7 11
355 51 4
356 11 1
357 34 9
358 23 2
359 25 10
360 45 4
361 52 9
362 35 5
363 54 8
364 46 10
365 51 2
366 48 8
367 49 4
368 9 4
369 22 5
370 39 4
371 41 11
372 56 7
373 49 1
374 30 6
375 46 5
376 19 11
377 42 8
378 56 8
379 45 4
380 14 3
381 9 9
382 45 7
383 34 5
384 36 11
385 21 1
386 36 7
387 31 6
388 39 3
389 13 1
390 31 1
391 31 6
392 5 1
393 4 7
394 48 6
395 49 4
396 56 9
397 30 1
398 3 9
399 39 10
400 1 2
401 33 3
402 37 6
403 36 2
404 1 6
405 7 6
406 13 9
407 41 2
408 18 2
409 50 4
410 9 8
411 39 8
412 32 6
413 17 5
414 33 8
415 28 3
416 25 7
417 46 7
418 51 10
419 27 5
420 54 11
421 40 9
422 28 6
423 33 5
424 3 4
425 19 2
426 41 2
427 17 6
428 33 8
429 25 2
430 19 5
431 37 8
432 10 7
433 2 1
434 38 8
435 12 5
436 16 10
437 38 11
438 44 1
439 42 4
440 24 10
441 28 3
442 31 3
443 22 10
444 47 11
445 10 7
446 8 3
447 11 3
448 25 1
449 38 9
450 17 1
451 20 7
452 12 2
453 23 7
454 42 10
455 44 1
456 21 2
457 15 10
458 16 1
459 31 6
460 45 6
461 34 10
462 14 6
463 26 7
464 43 2
465 8 9
466 12 9
467 44 6
468 33 9
469 16 11
470 13 3
471 1 3
472 20 8
473 31 1
474 56 3
475 55 8
476 15 3
477 45 9
478 37 8
479 37 11
480 20 1
481 37 2
482 20 5
483 51 5
484 7 5
485 20 8
486 26 3
487 25 9
488 31 6
489 38 1
490 11 4
491 9 6
492 10 9
493 1 10
494 8 8
495 26 9
496 52 7
497 20 8
498 48 6
499 7 9
500 48 9
501 10 5
502 26 3
503 6 6
504 9 9
505 6 11
506 3 4
507 6 1
508 52 11
509 6 8
510 9 6
511 50 11
512 33 1
513 27 6
514 45 8
515 32 5
516 3 4
517 49 9
518 43 7
519 29 9
520 1 8
521 16 6
522 52 3
523 31 2
524 36 8
525 21 8
526 16 9
527 24 5
528 4 3
529 56 11
530 29 7
531 2 10
532 10 10
533 36 8
534 18 9
535 30 3
536 23 5
537 51 11
538 7 6
539 35 3
540 52 5
541 27 9
542 40 5
543 29 9
544 17 3
545 24 8
546 45 4
547 10 6
548 11 10
549 13 11
550 42 5
551 17 2
552 14 8
553 16 8
554 49 4
555 38 6
556 43 10
557 43 9
558 3 2
559 5 11
560 54 6
561 46 2
562 35 4
563 2 8
564 5 5
565 48 7
566 42 8
567 31 9
568 18 2
569 4 5
570 35 11
571 17 1
572 34 11
573 34 5
574 27 10
575 31 2
576 36 4
577 6 5
578 2 10
579 35 10
580 39 11
581 17 7
582 43 1
583 6 8
584 55 7
585 7 3
586 30 11
587 40 4
588 49 9
589 17 5
590 1 1
591 48 4
592 50 6
593 37 1
594 13 6
595 1 4
596 37 3
597 20 3
598 56 4
599 39 5
600 53 7
601 41 10
602 10 2
603 21 8
604 32 3
605 54 8
606 2 8
607 54 6
608 48 4
609 3 2
610 53 6
611 27 9
612 46 9
613 15 5
614 29 11
615 50 9
616 22 3
617 3 5
618 37 7
619 41 7
620 12 8
621 44 4
622 11 11
623 25 9
624 48 2
625 8 11
626 8 11
627 51 11
628 37 1
629 44 9
630 43 1
631 27 9
632 19 6
633 40 4
634 40 9
635 19 8
636 54 9
637 31 3
638 21 10
639 22 2
640 27 9
641 21 5
642 46 4
643 36 6
644 9 2
645 10 2
646 12 6
647 51 2
648 10 3
649 48 4
650 22 4
651 13 6
652 5 6
653 19 3
654 6 6
655 30 11
656 39 5
657 17 4
658 10 3
659 17 8
660 42 1
661 33 5
662 18 7
663 5 4
664 35 3
665 10 1
666 37 5
667 27 8
668 33 3
669 30 5
670 6 8
671 41 2
672 24 6
673 25 1
674 56 11
675 4 3
676 40 8
677 39 5
678 40 9
679 22 4
680 41 8
681 27 7
682 28 2
683 55 6
684 5 3
685 5 11
686 3 1
687 27 6
688 13 5
689 16 7
690 13 9
691 7 7
692 33 2
693 31 5
694 38 4
695 54 6
696 16 4
697 15 2
698 5 7
699 34 9
700 3 10
701 53 10
702 38 7
703 50 1
704 13 4
705 31 9
706 53 7
707 20 1
708 6 11
709 41 1
710 42 8
711 10 10
712 20 3
713 39 8
714 22 6
715 28 2
716 8 10
717 46 1
718 7 9
719 48 2
720 25 2
721 50 6
722 24 1
723 17 5
724 2 6
725 34 10
726 44 11
727 29 4
728 12 10
729 43 11
730 48 9
731 38 5
732 51 2
733 12 8
734 26 11
735 21 1
736 9 4
737 30 5
738 30 9
739 23 9
740 38 2
741 4 7
742 1 8
743 24 7
744 21 1
745 41 11
746 23 9
747 47 9
748 41 4
749 33 2
750 29 8
751 13 7
752 39 1
753 23 4
754 20 7
755 23 10
756 15 7
757 18 8
758 35 7
759 43 8
760 52 6
761 44 7
762 44 3
763 27 8
764 49 10
765 54 3
766 52 3
767 52 6
768 20 6
769 24 8
770 6 8
771 7 11
772 42 7
773 2 2
774 19 9
775 10 6
776 13 8
777 54 10
778 52 3
779 11 10
780 2 8
781 27 2
782 29 3
783 43 4
784 40 10
785 5 6
786 10 2
787 19 10
788 52 3
789 39 7
790 24 6
791 55 1
792 38 6
793 20 10
794 46 7
795 15 1
796 51 6
797 33 1
798 45 5
799 15 5
800 1 7
801 10 11
802 35 4
803 2 6
804 36 7
805 11 9
806 48 6
807 6 9
808 45 7
809 29 5
810 27 1
811 29 4
812 7 7
813 8 3
814 46 9
815 47 10
816 52 3
817 52 2
818 41 6
819 51 3
820 20 5
821 42 7
822 42 2
823 21 3
824 36 8
825 9 8
826 10 5
827 22 1
828 23 2
829 54 8
830 12 6
831 36 8
832 30 5
833 13 5
834 51 4
835 54 10
836 53 4
837 53 10
838 7 6
839 5 5
840 21 9
841 2 4
842 55 4
843 15 2
844 2 4
845 30 5
846 32 8
847 43 2
848 29 9
849 15 9
850 46 10
851 33 9
852 38 1
853 10 7
854 42 11
855 39 8
856 5 1
857 8 2
858 27 6
859 2 4
860 22 1
861 1 8
862 51 1
863 34 9
864 38 3
865 14 8
866 41 11
867 37 2
868 33 8
869 12 5
870 21 10
871 52 3
872 53 1
873 11 10
874 46 5
875 53 8
876 1 11
877 28 8
878 32 10
879 26 9
880 35 4
881 27 9
882 13 9
883 6 4
884 53 1
885 4 7
886 11 4
887 54 1
888 28 10
889 10 2
890 53 1
891 42 10
892 34 1
893 26 6
894 17 2
895 30 8
896 42 2
897 40 2
898 55 10
899 29 3
900 5 4
901 6 7
902 31 8
903 1 11
904 16 5
905 25 10
906 5 8
907 51 10
908 34 1
909 30 1
910 26 7
911 1 10
912 26 1
913 33 10
914 53 1
915 8 1
916 21 3
917 25 11
918 43 9
919 4 2
920 40 8
921 41 11
922 30 7
923 14 4
924 39 11
925 26 6
926 40 5
927 24 8
928 38 6
929 33 5
930 44 3
931 7 6
932 34 2
933 30 2
934 29 6
935 51 10
936 8 4
937 38 6
938 37 10
939 47 11
940 47 5
941 19 1
942 44 1
943 22 10
944 29 5
945 54 11
946 21 5
947 52 11
948 23 3
949 3 7
950 6 1
951 24 1
952 10 1
953 27 11
954 6 10
955 55 5
956 20 9
957 10 7
958 29 8
959 24 10
960 15 4
961 3 5
962 43 3
963 3 6
964 10 10
965 53 8
966 14 2
967 4 9
968 20 6
969 46 4
970 21 10
971 33 8
972 23 5
973 30 10
974 14 8
975 8 8
976 36 11
977 51 7
978 19 9
979 55 9
980 54 1
981 51 2
982 1 1
983 38 8
984 54 5
985 2 3
986 29 7
987 43 4
988 31 8
989 32 3
990 16 2
991 33 1
992 15 8
993 2 4
994 6 9
995 23 7
996 48 6
997 50 1
998 53 11
999 26 3
1000 5 10
1001 30 9
1002 12 3
1003 37 10
1004 43 4
1005 15 6
1006 45 11
1007 54 4
1008 18 1
1009 25 2
1010 23 7
1011 38 4
1012 27 9
1013 1 5
1014 34 1
1015 18 1
1016 2 4
1017 30 7
1018 52 8
1019 29 4
1020 31 7
1021 53 7
1022 50 4
1023 26 7
