64
0 1 53
0 2 14
0 3 92
0 4 22
0 5 13
0 6 81
0 7 59
0 8 13
0 9 83
0 10 39
0 11 8
0 12 20
0 13 28
0 14 44
0 15 19
0 16 37
0 17 38
0 18 87
0 19 49
0 20 4
0 21 67
0 22 5
0 23 50
0 24 29
0 25 40
0 26 10
0 27 28
0 28 75
0 29 56
0 30 96
0 31 24
0 32 71
0 33 26
0 34 28
0 35 43
0 36 24
0 37 77
0 38 63
0 39 6
0 40 37
0 41 15
0 42 88
0 43 9
0 44 21
0 45 96
0 46 40
0 47 77
0 48 49
0 49 34
0 50 23
0 51 61
0 52 73
0 53 58
0 54 77
0 55 3
0 56 94
0 57 1
0 58 41
0 59 89
0 60 79
0 61 58
0 62 15
0 63 41
1 0 53
1 2 41
1 3 19
1 4 82
1 5 100
1 6 64
1 7 32
1 8 35
1 9 59
1 10 47
1 11 20
1 12 36
1 13 22
1 14 40
1 15 59
1 16 87
1 17 28
1 18 14
1 19 62
1 20 9
1 21 91
1 22 27
1 23 49
1 24 96
1 25 21
1 26 45
1 27 71
1 28 66
1 29 78
1 30 50
1 31 56
1 32 6
1 33 3
1 34 29
1 35 83
1 36 1
1 37 66
1 38 78
1 39 55
1 40 9
1 41 16
1 42 27
1 43 26
1 44 20
1 45 80
1 46 78
1 47 58
1 48 34
1 49 83
1 50 53
1 51 40
1 52 11
1 53 5
1 54 8
1 55 61
1 56 47
1 57 92
1 58 68
1 59 40
1 60 61
1 61 80
1 62 51
1 63 56
2 0 14
2 1 41
2 3 63
2 4 36
2 5 34
2 6 57
2 7 37
2 8 31
2 9 75
2 10 44
2 11 48
2 12 9
2 13 1
2 14 15
2 15 38
2 16 85
2 17 89
2 18 22
2 19 8
2 20 85
2 21 101
2 22 36
2 23 87
2 24 86
2 25 98
2 26 53
2 27 56
2 28 42
2 29 97
2 30 70
2 31 11
2 32 92
2 33 93
2 34 24
2 35 10
2 36 8
2 37 12
2 38 99
2 39 59
2 40 41
2 41 41
2 42 54
2 43 93
2 44 19
2 45 14
2 46 64
2 47 7
2 48 96
2 49 35
2 50 14
2 51 88
2 52 38
2 53 43
2 54 8
2 55 99
2 56 11
2 57 34
2 58 68
2 59 14
2 60 71
2 61 11
2 62 37
2 63 85
3 0 92
3 1 19
3 2 63
3 4 3
3 5 6
3 6 35
3 7 7
3 8 72
3 9 16
3 10 33
3 11 77
3 12 87
3 13 53
3 14 55
3 15 5
3 16 26
3 17 31
3 18 96
3 19 38
3 20 15
3 21 64
3 22 92
3 23 12
3 24 60
3 25 69
3 26 73
3 27 41
3 28 66
3 29 47
3 30 97
3 31 52
3 32 7
3 33 42
3 34 10
3 35 9
3 36 15
3 37 32
3 38 49
3 39 57
3 40 28
3 41 67
3 42 38
3 43 88
3 44 24
3 45 31
3 46 12
3 47 52
3 48 79
3 49 60
3 50 72
3 51 34
3 52 24
3 53 11
3 54 93
3 55 9
3 56 60
3 57 53
3 58 95
3 59 5
3 60 66
3 61 15
3 62 81
3 63 14
4 0 22
4 1 82
4 2 36
4 3 3
4 5 95
4 6 13
4 7 47
4 8 96
4 9 72
4 10 34
4 11 13
4 12 51
4 13 19
4 14 45
4 15 46
4 16 45
4 17 18
4 18 8
4 19 96
4 20 89
4 21 93
4 22 4
4 23 101
4 24 21
4 25 23
4 26 29
4 27 54
4 28 50
4 29 39
4 30 63
4 31 2
4 32 56
4 33 14
4 34 51
4 35 24
4 36 80
4 37 98
4 38 2
4 39 13
4 40 75
4 41 25
4 42 40
4 43 87
4 44 36
4 45 39
4 46 12
4 47 70
4 48 53
4 49 10
4 50 28
4 51 6
4 52 97
4 53 67
4 54 37
4 55 70
4 56 100
4 57 10
4 58 40
4 59 46
4 60 32
4 61 19
4 62 90
4 63 33
5 0 13
5 1 100
5 2 34
5 3 6
5 4 95
5 6 43
5 7 89
5 8 9
5 9 44
5 10 91
5 11 39
5 12 27
5 13 37
5 14 59
5 15 19
5 16 10
5 17 92
5 18 7
5 19 77
5 20 53
5 21 62
5 22 88
5 23 10
5 24 67
5 25 42
5 26 22
5 27 36
5 28 1
5 29 12
5 30 18
5 31 81
5 32 14
5 33 37
5 34 78
5 35 98
5 36 5
5 37 99
5 38 31
5 39 38
5 40 24
5 41 37
5 42 18
5 43 58
5 44 62
5 45 74
5 46 34
5 47 6
5 48 27
5 49 92
5 50 25
5 51 78
5 52 46
5 53 88
5 54 45
5 55 15
5 56 81
5 57 74
5 58 57
5 59 37
5 60 35
5 61 86
5 62 80
5 63 51
6 0 81
6 1 64
6 2 57
6 3 35
6 4 13
6 5 43
6 7 74
6 8 82
6 9 71
6 10 18
6 11 41
6 12 72
6 13 61
6 14 18
6 15 67
6 16 75
6 17 47
6 18 89
6 19 71
6 20 11
6 21 75
6 22 80
6 23 10
6 24 86
6 25 59
6 26 40
6 27 55
6 28 35
6 29 7
6 30 55
6 31 77
6 32 53
6 33 32
6 34 8
6 35 21
6 36 86
6 37 62
6 38 6
6 39 19
6 40 36
6 41 4
6 42 83
6 43 99
6 44 11
6 45 31
6 46 47
6 47 30
6 48 22
6 49 86
6 50 77
6 51 73
6 52 89
6 53 78
6 54 36
6 55 55
6 56 43
6 57 49
6 58 22
6 59 48
6 60 40
6 61 39
6 62 54
6 63 10
7 0 59
7 1 32
7 2 37
7 3 7
7 4 47
7 5 89
7 6 74
7 8 46
7 9 41
7 10 8
7 11 62
7 12 81
7 13 74
7 14 78
7 15 87
7 16 92
7 17 70
7 18 70
7 19 75
7 20 94
7 21 6
7 22 83
7 23 37
7 24 86
7 25 2
7 26 6
7 27 31
7 28 42
7 29 33
7 30 64
7 31 3
7 32 48
7 33 7
7 34 88
7 35 44
7 36 42
7 37 12
7 38 33
7 39 8
7 40 90
7 41 94
7 42 63
7 43 81
7 44 71
7 45 32
7 46 39
7 47 19
7 48 44
7 49 50
7 50 92
7 51 26
7 52 91
7 53 48
7 54 33
7 55 78
7 56 79
7 57 89
7 58 63
7 59 60
7 60 84
7 61 8
7 62 54
7 63 30
8 0 13
8 1 35
8 2 31
8 3 72
8 4 96
8 5 9
8 6 82
8 7 46
8 9 77
8 10 27
8 11 68
8 12 79
8 13 62
8 14 44
8 15 17
8 16 12
8 17 74
8 18 83
8 19 37
8 20 46
8 21 77
8 22 62
8 23 32
8 24 78
8 25 78
8 26 60
8 27 72
8 28 43
8 29 49
8 30 73
8 31 83
8 32 68
8 33 18
8 34 42
8 35 15
8 36 68
8 37 94
8 38 66
8 39 38
8 40 62
8 41 1
8 42 29
8 43 53
8 44 1
8 45 6
8 46 73
8 47 90
8 48 56
8 49 48
8 50 89
8 51 32
8 52 21
8 53 46
8 54 20
8 55 18
8 56 63
8 57 81
8 58 95
8 59 47
8 60 60
8 61 17
8 62 41
8 63 49
9 0 83
9 1 59
9 2 75
9 3 16
9 4 72
9 5 44
9 6 71
9 7 41
9 8 77
9 10 30
9 11 47
9 12 79
9 13 26
9 14 18
9 15 46
9 16 100
9 17 48
9 18 13
9 19 9
9 20 29
9 21 5
9 22 89
9 23 99
9 24 54
9 25 49
9 26 58
9 27 56
9 28 100
9 29 1
9 30 41
9 31 91
9 32 53
9 33 47
9 34 74
9 35 83
9 36 11
9 37 93
9 38 85
9 39 82
9 40 56
9 41 66
9 42 10
9 43 72
9 44 70
9 45 81
9 46 17
9 47 55
9 48 101
9 49 3
9 50 60
9 51 63
9 52 27
9 53 4
9 54 96
9 55 29
9 56 75
9 57 13
9 58 45
9 59 89
9 60 59
9 61 5
9 62 9
9 63 45
10 0 39
10 1 47
10 2 44
10 3 33
10 4 34
10 5 91
10 6 18
10 7 8
10 8 27
10 9 30
10 11 71
10 12 62
10 13 81
10 14 17
10 15 33
10 16 77
10 17 59
10 18 32
10 19 3
10 20 85
10 21 5
10 22 38
10 23 1
10 24 51
10 25 25
10 26 49
10 27 45
10 28 25
10 29 21
10 30 68
10 31 28
10 32 3
10 33 16
10 34 37
10 35 6
10 36 28
10 37 1
10 38 69
10 39 42
10 40 75
10 41 29
10 42 54
10 43 45
10 44 20
10 45 34
10 46 14
10 47 83
10 48 39
10 49 32
10 50 57
10 51 4
10 52 8
10 53 25
10 54 24
10 55 64
10 56 78
10 57 95
10 58 65
10 59 11
10 60 71
10 61 82
10 62 77
10 63 83
11 0 8
11 1 20
11 2 48
11 3 77
11 4 13
11 5 39
11 6 41
11 7 62
11 8 68
11 9 47
11 10 71
11 12 26
11 13 86
11 14 13
11 15 71
11 16 15
11 17 35
11 18 59
11 19 54
11 20 10
11 21 44
11 22 82
11 23 42
11 24 44
11 25 87
11 26 7
11 27 31
11 28 93
11 29 76
11 30 59
11 31 4
11 32 46
11 33 78
11 34 59
11 35 56
11 36 79
11 37 33
11 38 78
11 39 15
11 40 97
11 41 28
11 42 17
11 43 55
11 44 80
11 45 94
11 46 31
11 47 33
11 48 41
11 49 81
11 50 93
11 51 51
11 52 4
11 53 23
11 54 47
11 55 71
11 56 96
11 57 51
11 58 78
11 59 81
11 60 46
11 61 9
11 62 94
11 63 76
12 0 20
12 1 36
12 2 9
12 3 87
12 4 51
12 5 27
12 6 72
12 7 81
12 8 79
12 9 79
12 10 62
12 11 26
12 13 93
12 14 79
12 15 68
12 16 28
12 17 82
12 18 94
12 19 42
12 20 77
12 21 44
12 22 18
12 23 38
12 24 12
12 25 93
12 26 29
12 27 98
12 28 32
12 29 5
12 30 18
12 31 29
12 32 91
12 33 87
12 34 53
12 35 83
12 36 58
12 37 74
12 38 77
12 39 13
12 40 71
12 41 66
12 42 59
12 43 39
12 44 51
12 45 34
12 46 85
12 47 43
12 48 40
12 49 85
12 50 82
12 51 65
12 52 7
12 53 51
12 54 70
12 55 90
12 56 47
12 57 84
12 58 49
12 59 33
12 60 12
12 61 65
12 62 20
12 63 39
13 0 28
13 1 22
13 2 1
13 3 53
13 4 19
13 5 37
13 6 61
13 7 74
13 8 62
13 9 26
13 10 81
13 11 86
13 12 93
13 14 5
13 15 94
13 16 70
13 17 24
13 18 55
13 19 41
13 20 55
13 21 1
13 22 7
13 23 44
13 24 38
13 25 86
13 26 85
13 27 82
13 28 54
13 29 36
13 30 47
13 31 38
13 32 97
13 33 9
13 34 26
13 35 92
13 36 76
13 37 22
13 38 15
13 39 49
13 40 76
13 41 78
13 42 5
13 43 72
13 44 25
13 45 11
13 46 2
13 47 66
13 48 2
13 49 15
13 50 59
13 51 72
13 52 41
13 53 36
13 54 13
13 55 8
13 56 55
13 57 53
13 58 33
13 59 22
13 60 28
13 61 78
13 62 11
13 63 55
14 0 44
14 1 40
14 2 15
14 3 55
14 4 45
14 5 59
14 6 18
14 7 78
14 8 44
14 9 18
14 10 17
14 11 13
14 12 79
14 13 5
14 15 95
14 16 11
14 17 100
14 18 34
14 19 48
14 20 12
14 21 6
14 22 76
14 23 11
14 24 18
14 25 21
14 26 45
14 27 34
14 28 84
14 29 82
14 30 73
14 31 54
14 32 45
14 33 68
14 34 26
14 35 16
14 36 64
14 37 15
14 38 45
14 39 41
14 40 34
14 41 63
14 42 1
14 43 46
14 44 26
14 45 36
14 46 43
14 47 73
14 48 30
14 49 101
14 50 30
14 51 77
14 52 14
14 53 33
14 54 87
14 55 82
14 56 41
14 57 66
14 58 59
14 59 31
14 60 98
14 61 93
14 62 52
14 63 96
15 0 19
15 1 59
15 2 38
15 3 5
15 4 46
15 5 19
15 6 67
15 7 87
15 8 17
15 9 46
15 10 33
15 11 71
15 12 68
15 13 94
15 14 95
15 16 10
15 17 56
15 18 51
15 19 58
15 20 42
15 21 44
15 22 51
15 23 11
15 24 57
15 25 85
15 26 32
15 27 76
15 28 31
15 29 32
15 30 64
15 31 87
15 32 18
15 33 4
15 34 27
15 35 30
15 36 35
15 37 51
15 38 101
15 39 9
15 40 14
15 41 92
15 42 68
15 43 31
15 44 87
15 45 1
15 46 85
15 47 99
15 48 98
15 49 76
15 50 101
15 51 50
15 52 27
15 53 64
15 54 14
15 55 42
15 56 78
15 57 8
15 58 18
15 59 74
15 60 34
15 61 98
15 62 20
15 63 83
16 0 37
16 1 87
16 2 85
16 3 26
16 4 45
16 5 10
16 6 75
16 7 92
16 8 12
16 9 100
16 10 77
16 11 15
16 12 28
16 13 70
16 14 11
16 15 10
16 17 25
16 18 98
16 19 1
16 20 62
16 21 37
16 22 99
16 23 24
16 24 3
16 25 90
16 26 65
16 27 44
16 28 54
16 29 79
16 30 92
16 31 94
16 32 79
16 33 97
16 34 85
16 35 92
16 36 3
16 37 91
16 38 30
16 39 16
16 40 81
16 41 101
16 42 29
16 43 16
16 44 69
16 45 83
16 46 31
16 47 58
16 48 64
16 49 13
16 50 22
16 51 24
16 52 58
16 53 59
16 54 66
16 55 69
16 56 80
16 57 31
16 58 62
16 59 48
16 60 16
16 61 28
16 62 87
16 63 59
17 0 38
17 1 28
17 2 89
17 3 31
17 4 18
17 5 92
17 6 47
17 7 70
17 8 74
17 9 48
17 10 59
17 11 35
17 12 82
17 13 24
17 14 100
17 15 56
17 16 25
17 18 74
17 19 31
17 20 98
17 21 71
17 22 17
17 23 58
17 24 68
17 25 56
17 26 74
17 27 14
17 28 36
17 29 14
17 30 74
17 31 79
17 32 71
17 33 3
17 34 79
17 35 10
17 36 33
17 37 47
17 38 97
17 39 75
17 40 89
17 41 86
17 42 6
17 43 71
17 44 90
17 45 18
17 46 59
17 47 78
17 48 2
17 49 70
17 50 43
17 51 25
17 52 60
17 53 20
17 54 51
17 55 66
17 56 73
17 57 4
17 58 24
17 59 64
17 60 40
17 61 34
17 62 18
17 63 48
18 0 87
18 1 14
18 2 22
18 3 96
18 4 8
18 5 7
18 6 89
18 7 70
18 8 83
18 9 13
18 10 32
18 11 59
18 12 94
18 13 55
18 14 34
18 15 51
18 16 98
18 17 74
18 19 51
18 20 24
18 21 30
18 22 80
18 23 93
18 24 13
18 25 44
18 26 63
18 27 60
18 28 35
18 29 68
18 30 88
18 31 30
18 32 97
18 33 93
18 34 34
18 35 14
18 36 91
18 37 94
18 38 83
18 39 54
18 40 80
18 41 29
18 42 60
18 43 50
18 44 84
18 45 76
18 46 36
18 47 37
18 48 69
18 49 10
18 50 33
18 51 89
18 52 9
18 53 15
18 54 20
18 55 86
18 56 93
18 57 70
18 58 9
18 59 80
18 60 76
18 61 65
18 62 7
18 63 12
19 0 49
19 1 62
19 2 8
19 3 38
19 4 96
19 5 77
19 6 71
19 7 75
19 8 37
19 9 9
19 10 3
19 11 54
19 12 42
19 13 41
19 14 48
19 15 58
19 16 1
19 17 31
19 18 51
19 20 62
19 21 66
19 22 79
19 23 62
19 24 62
19 25 28
19 26 100
19 27 22
19 28 92
19 29 74
19 30 100
19 31 59
19 32 66
19 33 14
19 34 81
19 35 88
19 36 29
19 37 16
19 38 11
19 39 100
19 40 79
19 41 87
19 42 86
19 43 52
19 44 48
19 45 82
19 46 34
19 47 15
19 48 76
19 49 29
19 50 38
19 51 6
19 52 6
19 53 68
19 54 100
19 55 67
19 56 17
19 57 22
19 58 2
19 59 23
19 60 85
19 61 51
19 62 1
19 63 100
20 0 4
20 1 9
20 2 85
20 3 15
20 4 89
20 5 53
20 6 11
20 7 94
20 8 46
20 9 29
20 10 85
20 11 10
20 12 77
20 13 55
20 14 12
20 15 42
20 16 62
20 17 98
20 18 24
20 19 62
20 21 3
20 22 3
20 23 51
20 24 27
20 25 34
20 26 77
20 27 47
20 28 28
20 29 18
20 30 43
20 31 37
20 32 57
20 33 18
20 34 100
20 35 42
20 36 100
20 37 59
20 38 68
20 39 19
20 40 45
20 41 23
20 42 45
20 43 50
20 44 88
20 45 33
20 46 23
20 47 3
20 48 101
20 49 62
20 50 53
20 51 1
20 52 15
20 53 80
20 54 38
20 55 70
20 56 96
20 57 7
20 58 33
20 59 50
20 60 11
20 61 37
20 62 37
20 63 10
21 0 67
21 1 91
21 2 101
21 3 64
21 4 93
21 5 62
21 6 75
21 7 6
21 8 77
21 9 5
21 10 5
21 11 44
21 12 44
21 13 1
21 14 6
21 15 44
21 16 37
21 17 71
21 18 30
21 19 66
21 20 3
21 22 79
21 23 33
21 24 41
21 25 96
21 26 44
21 27 65
21 28 35
21 29 3
21 30 68
21 31 28
21 32 53
21 33 26
21 34 88
21 35 100
21 36 77
21 37 88
21 38 94
21 39 35
21 40 2
21 41 44
21 42 22
21 43 89
21 44 26
21 45 18
21 46 101
21 47 15
21 48 96
21 49 82
21 50 65
21 51 52
21 52 18
21 53 18
21 54 22
21 55 45
21 56 38
21 57 22
21 58 82
21 59 41
21 60 21
21 61 59
21 62 93
21 63 100
22 0 5
22 1 27
22 2 36
22 3 92
22 4 4
22 5 88
22 6 80
22 7 83
22 8 62
22 9 89
22 10 38
22 11 82
22 12 18
22 13 7
22 14 76
22 15 51
22 16 99
22 17 17
22 18 80
22 19 79
22 20 3
22 21 79
22 23 26
22 24 78
22 25 35
22 26 11
22 27 75
22 28 25
22 29 58
22 30 67
22 31 76
22 32 92
22 33 63
22 34 35
22 35 98
22 36 57
22 37 94
22 38 17
22 39 20
22 40 64
22 41 93
22 42 96
22 43 91
22 44 71
22 45 56
22 46 98
22 47 79
22 48 33
22 49 37
22 50 56
22 51 76
22 52 99
22 53 9
22 54 48
22 55 72
22 56 41
22 57 30
22 58 98
22 59 31
22 60 4
22 61 18
22 62 51
22 63 63
23 0 50
23 1 49
23 2 87
23 3 12
23 4 101
23 5 10
23 6 10
23 7 37
23 8 32
23 9 99
23 10 1
23 11 42
23 12 38
23 13 44
23 14 11
23 15 11
23 16 24
23 17 58
23 18 93
23 19 62
23 20 51
23 21 33
23 22 26
23 24 68
23 25 91
23 26 63
23 27 31
23 28 68
23 29 85
23 30 48
23 31 25
23 32 32
23 33 25
23 34 51
23 35 4
23 36 25
23 37 81
23 38 5
23 39 71
23 40 79
23 41 16
23 42 41
23 43 50
23 44 34
23 45 4
23 46 10
23 47 99
23 48 92
23 49 49
23 50 60
23 51 84
23 52 94
23 53 46
23 54 5
23 55 40
23 56 19
23 57 68
23 58 7
23 59 16
23 60 13
23 61 70
23 62 24
23 63 19
24 0 29
24 1 96
24 2 86
24 3 60
24 4 21
24 5 67
24 6 86
24 7 86
24 8 78
24 9 54
24 10 51
24 11 44
24 12 12
24 13 38
24 14 18
24 15 57
24 16 3
24 17 68
24 18 13
24 19 62
24 20 27
24 21 41
24 22 78
24 23 68
24 25 2
24 26 78
24 27 10
24 28 66
24 29 56
24 30 15
24 31 75
24 32 36
24 33 24
24 34 23
24 35 57
24 36 63
24 37 58
24 38 100
24 39 65
24 40 57
24 41 31
24 42 19
24 43 49
24 44 18
24 45 22
24 46 63
24 47 1
24 48 77
24 49 2
24 50 2
24 51 74
24 52 30
24 53 37
24 54 93
24 55 75
24 56 64
24 57 63
24 58 39
24 59 55
24 60 75
24 61 53
24 62 13
24 63 28
25 0 40
25 1 21
25 2 98
25 3 69
25 4 23
25 5 42
25 6 59
25 7 2
25 8 78
25 9 49
25 10 25
25 11 87
25 12 93
25 13 86
25 14 21
25 15 85
25 16 90
25 17 56
25 18 44
25 19 28
25 20 34
25 21 96
25 22 35
25 23 91
25 24 2
25 26 21
25 27 46
25 28 4
25 29 77
25 30 101
25 31 41
25 32 28
25 33 79
25 34 15
25 35 91
25 36 16
25 37 60
25 38 15
25 39 98
25 40 63
25 41 10
25 42 59
25 43 101
25 44 97
25 45 36
25 46 44
25 47 73
25 48 24
25 49 95
25 50 59
25 51 96
25 52 82
25 53 71
25 54 90
25 55 46
25 56 99
25 57 80
25 58 45
25 59 65
25 60 15
25 61 10
25 62 30
25 63 68
26 0 10
26 1 45
26 2 53
26 3 73
26 4 29
26 5 22
26 6 40
26 7 6
26 8 60
26 9 58
26 10 49
26 11 7
26 12 29
26 13 85
26 14 45
26 15 32
26 16 65
26 17 74
26 18 63
26 19 100
26 20 77
26 21 44
26 22 11
26 23 63
26 24 78
26 25 21
26 27 29
26 28 71
26 29 56
26 30 68
26 31 93
26 32 49
26 33 31
26 34 35
26 35 66
26 36 81
26 37 50
26 38 56
26 39 31
26 40 70
26 41 58
26 42 93
26 43 75
26 44 25
26 45 48
26 46 24
26 47 97
26 48 78
26 49 14
26 50 54
26 51 32
26 52 11
26 53 56
26 54 92
26 55 12
26 56 36
26 57 48
26 58 86
26 59 65
26 60 9
26 61 98
26 62 77
26 63 20
27 0 28
27 1 71
27 2 56
27 3 41
27 4 54
27 5 36
27 6 55
27 7 31
27 8 72
27 9 56
27 10 45
27 11 31
27 12 98
27 13 82
27 14 34
27 15 76
27 16 44
27 17 14
27 18 60
27 19 22
27 20 47
27 21 65
27 22 75
27 23 31
27 24 10
27 25 46
27 26 29
27 28 88
27 29 96
27 30 20
27 31 98
27 32 33
27 33 61
27 34 41
27 35 67
27 36 101
27 37 54
27 38 68
27 39 23
27 40 66
27 41 60
27 42 80
27 43 54
27 44 86
27 45 7
27 46 51
27 47 3
27 48 90
27 49 31
27 50 2
27 51 70
27 52 71
27 53 42
27 54 90
27 55 71
27 56 27
27 57 38
27 58 37
27 59 66
27 60 26
27 61 32
27 62 96
27 63 87
28 0 75
28 1 66
28 2 42
28 3 66
28 4 50
28 5 1
28 6 35
28 7 42
28 8 43
28 9 100
28 10 25
28 11 93
28 12 32
28 13 54
28 14 84
28 15 31
28 16 54
28 17 36
28 18 35
28 19 92
28 20 28
28 21 35
28 22 25
28 23 68
28 24 66
28 25 4
28 26 71
28 27 88
28 29 90
28 30 60
28 31 39
28 32 77
28 33 84
28 34 79
28 35 63
28 36 75
28 37 96
28 38 60
28 39 95
28 40 95
28 41 87
28 42 24
28 43 72
28 44 37
28 45 2
28 46 85
28 47 44
28 48 23
28 49 58
28 50 94
28 51 19
28 52 20
28 53 65
28 54 34
28 55 77
28 56 92
28 57 95
28 58 18
28 59 66
28 60 94
28 61 18
28 62 97
28 63 64
29 0 56
29 1 78
29 2 97
29 3 47
29 4 39
29 5 12
29 6 7
29 7 33
29 8 49
29 9 1
29 10 21
29 11 76
29 12 5
29 13 36
29 14 82
29 15 32
29 16 79
29 17 14
29 18 68
29 19 74
29 20 18
29 21 3
29 22 58
29 23 85
29 24 56
29 25 77
29 26 56
29 27 96
29 28 90
29 30 1
29 31 5
29 32 50
29 33 53
29 34 49
29 35 33
29 36 40
29 37 25
29 38 32
29 39 54
29 40 79
29 41 29
29 42 42
29 43 18
29 44 14
29 45 56
29 46 35
29 47 83
29 48 91
29 49 94
29 50 26
29 51 43
29 52 92
29 53 67
29 54 76
29 55 21
29 56 49
29 57 39
29 58 61
29 59 10
29 60 56
29 61 96
29 62 24
29 63 8
30 0 96
30 1 50
30 2 70
30 3 97
30 4 63
30 5 18
30 6 55
30 7 64
30 8 73
30 9 41
30 10 68
30 11 59
30 12 18
30 13 47
30 14 73
30 15 64
30 16 92
30 17 74
30 18 88
30 19 100
30 20 43
30 21 68
30 22 67
30 23 48
30 24 15
30 25 101
30 26 68
30 27 20
30 28 60
30 29 1
30 31 88
30 32 63
30 33 80
30 34 20
30 35 27
30 36 96
30 37 98
30 38 83
30 39 28
30 40 64
30 41 65
30 42 77
30 43 64
30 44 23
30 45 90
30 46 11
30 47 73
30 48 61
30 49 57
30 50 47
30 51 89
30 52 77
30 53 65
30 54 81
30 55 47
30 56 85
30 57 93
30 58 81
30 59 38
30 60 43
30 61 83
30 62 50
30 63 71
31 0 24
31 1 56
31 2 11
31 3 52
31 4 2
31 5 81
31 6 77
31 7 3
31 8 83
31 9 91
31 10 28
31 11 4
31 12 29
31 13 38
31 14 54
31 15 87
31 16 94
31 17 79
31 18 30
31 19 59
31 20 37
31 21 28
31 22 76
31 23 25
31 24 75
31 25 41
31 26 93
31 27 98
31 28 39
31 29 5
31 30 88
31 32 36
31 33 57
31 34 21
31 35 16
31 36 66
31 37 94
31 38 45
31 39 88
31 40 19
31 41 91
31 42 96
31 43 15
31 44 51
31 45 7
31 46 59
31 47 3
31 48 82
31 49 84
31 50 54
31 51 28
31 52 56
31 53 41
31 54 66
31 55 83
31 56 15
31 57 52
31 58 88
31 59 60
31 60 32
31 61 94
31 62 74
31 63 15
32 0 71
32 1 6
32 2 92
32 3 7
32 4 56
32 5 14
32 6 53
32 7 48
32 8 68
32 9 53
32 10 3
32 11 46
32 12 91
32 13 97
32 14 45
32 15 18
32 16 79
32 17 71
32 18 97
32 19 66
32 20 57
32 21 53
32 22 92
32 23 32
32 24 36
32 25 28
32 26 49
32 27 33
32 28 77
32 29 50
32 30 63
32 31 36
32 33 23
32 34 76
32 35 59
32 36 30
32 37 28
32 38 84
32 39 76
32 40 68
32 41 35
32 42 46
32 43 14
32 44 2
32 45 68
32 46 89
32 47 75
32 48 57
32 49 28
32 50 50
32 51 71
32 52 101
32 53 44
32 54 28
32 55 79
32 56 21
32 57 4
32 58 93
32 59 88
32 60 85
32 61 22
32 62 6
32 63 13
33 0 26
33 1 3
33 2 93
33 3 42
33 4 14
33 5 37
33 6 32
33 7 7
33 8 18
33 9 47
33 10 16
33 11 78
33 12 87
33 13 9
33 14 68
33 15 4
33 16 97
33 17 3
33 18 93
33 19 14
33 20 18
33 21 26
33 22 63
33 23 25
33 24 24
33 25 79
33 26 31
33 27 61
33 28 84
33 29 53
33 30 80
33 31 57
33 32 23
33 34 88
33 35 3
33 36 26
33 37 65
33 38 5
33 39 27
33 40 6
33 41 79
33 42 38
33 43 72
33 44 45
33 45 48
33 46 56
33 47 46
33 48 82
33 49 59
33 50 44
33 51 19
33 52 69
33 53 2
33 54 90
33 55 100
33 56 9
33 57 60
33 58 6
33 59 14
33 60 6
33 61 4
33 62 75
33 63 43
34 0 28
34 1 29
34 2 24
34 3 10
34 4 51
34 5 78
34 6 8
34 7 88
34 8 42
34 9 74
34 10 37
34 11 59
34 12 53
34 13 26
34 14 26
34 15 27
34 16 85
34 17 79
34 18 34
34 19 81
34 20 100
34 21 88
34 22 35
34 23 51
34 24 23
34 25 15
34 26 35
34 27 41
34 28 79
34 29 49
34 30 20
34 31 21
34 32 76
34 33 88
34 35 90
34 36 23
34 37 28
34 38 20
34 39 99
34 40 67
34 41 101
34 42 1
34 43 4
34 44 64
34 45 13
34 46 60
34 47 53
34 48 81
34 49 63
34 50 61
34 51 74
34 52 7
34 53 53
34 54 66
34 55 38
34 56 46
34 57 88
34 58 60
34 59 80
34 60 27
34 61 53
34 62 60
34 63 1
35 0 43
35 1 83
35 2 10
35 3 9
35 4 24
35 5 98
35 6 21
35 7 44
35 8 15
35 9 83
35 10 6
35 11 56
35 12 83
35 13 92
35 14 16
35 15 30
35 16 92
35 17 10
35 18 14
35 19 88
35 20 42
35 21 100
35 22 98
35 23 4
35 24 57
35 25 91
35 26 66
35 27 67
35 28 63
35 29 33
35 30 27
35 31 16
35 32 59
35 33 3
35 34 90
35 36 32
35 37 67
35 38 54
35 39 30
35 40 27
35 41 13
35 42 52
35 43 15
35 44 88
35 45 31
35 46 55
35 47 90
35 48 2
35 49 66
35 50 71
35 51 74
35 52 73
35 53 65
35 54 59
35 55 8
35 56 67
35 57 17
35 58 61
35 59 96
35 60 8
35 61 47
35 62 21
35 63 16
36 0 24
36 1 1
36 2 8
36 3 15
36 4 80
36 5 5
36 6 86
36 7 42
36 8 68
36 9 11
36 10 28
36 11 79
36 12 58
36 13 76
36 14 64
36 15 35
36 16 3
36 17 33
36 18 91
36 19 29
36 20 100
36 21 77
36 22 57
36 23 25
36 24 63
36 25 16
36 26 81
36 27 101
36 28 75
36 29 40
36 30 96
36 31 66
36 32 30
36 33 26
36 34 23
36 35 32
36 37 51
36 38 75
36 39 94
36 40 5
36 41 60
36 42 82
36 43 40
36 44 64
36 45 99
36 46 34
36 47 101
36 48 90
36 49 80
36 50 28
36 51 53
36 52 30
36 53 13
36 54 63
36 55 15
36 56 62
36 57 1
36 58 65
36 59 62
36 60 28
36 61 35
36 62 12
36 63 72
37 0 77
37 1 66
37 2 12
37 3 32
37 4 98
37 5 99
37 6 62
37 7 12
37 8 94
37 9 93
37 10 1
37 11 33
37 12 74
37 13 22
37 14 15
37 15 51
37 16 91
37 17 47
37 18 94
37 19 16
37 20 59
37 21 88
37 22 94
37 23 81
37 24 58
37 25 60
37 26 50
37 27 54
37 28 96
37 29 25
37 30 98
37 31 94
37 32 28
37 33 65
37 34 28
37 35 67
37 36 51
37 38 78
37 39 52
37 40 51
37 41 46
37 42 78
37 43 49
37 44 35
37 45 15
37 46 88
37 47 16
37 48 47
37 49 19
37 50 31
37 51 59
37 52 3
37 53 12
37 54 10
37 55 79
37 56 24
37 57 39
37 58 59
37 59 68
37 60 32
37 61 67
37 62 67
37 63 18
38 0 63
38 1 78
38 2 99
38 3 49
38 4 2
38 5 31
38 6 6
38 7 33
38 8 66
38 9 85
38 10 69
38 11 78
38 12 77
38 13 15
38 14 45
38 15 101
38 16 30
38 17 97
38 18 83
38 19 11
38 20 68
38 21 94
38 22 17
38 23 5
38 24 100
38 25 15
38 26 56
38 27 68
38 28 60
38 29 32
38 30 83
38 31 45
38 32 84
38 33 5
38 34 20
38 35 54
38 36 75
38 37 78
38 39 77
38 40 95
38 41 42
38 42 69
38 43 70
38 44 80
38 45 25
38 46 58
38 47 7
38 48 97
38 49 31
38 50 10
38 51 22
38 52 7
38 53 17
38 54 51
38 55 50
38 56 82
38 57 58
38 58 9
38 59 87
38 60 13
38 61 46
38 62 85
38 63 61
39 0 6
39 1 55
39 2 59
39 3 57
39 4 13
39 5 38
39 6 19
39 7 8
39 8 38
39 9 82
39 10 42
39 11 15
39 12 13
39 13 49
39 14 41
39 15 9
39 16 16
39 17 75
39 18 54
39 19 100
39 20 19
39 21 35
39 22 20
39 23 71
39 24 65
39 25 98
39 26 31
39 27 23
39 28 95
39 29 54
39 30 28
39 31 88
39 32 76
39 33 27
39 34 99
39 35 30
39 36 94
39 37 52
39 38 77
39 40 85
39 41 10
39 42 31
39 43 46
39 44 7
39 45 95
39 46 43
39 47 87
39 48 31
39 49 17
39 50 25
39 51 28
39 52 26
39 53 96
39 54 22
39 55 76
39 56 92
39 57 96
39 58 35
39 59 45
39 60 98
39 61 34
39 62 26
39 63 21
40 0 37
40 1 9
40 2 41
40 3 28
40 4 75
40 5 24
40 6 36
40 7 90
40 8 62
40 9 56
40 10 75
40 11 97
40 12 71
40 13 76
40 14 34
40 15 14
40 16 81
40 17 89
40 18 80
40 19 79
40 20 45
40 21 2
40 22 64
40 23 79
40 24 57
40 25 63
40 26 70
40 27 66
40 28 95
40 29 79
40 30 64
40 31 19
40 32 68
40 33 6
40 34 67
40 35 27
40 36 5
40 37 51
40 38 95
40 39 85
40 41 58
40 42 58
40 43 84
40 44 59
40 45 82
40 46 83
40 47 70
40 48 27
40 49 50
40 50 84
40 51 11
40 52 34
40 53 2
40 54 96
40 55 65
40 56 42
40 57 76
40 58 98
40 59 31
40 60 96
40 61 97
40 62 14
40 63 72
41 0 15
41 1 16
41 2 41
41 3 67
41 4 25
41 5 37
41 6 4
41 7 94
41 8 1
41 9 66
41 10 29
41 11 28
41 12 66
41 13 78
41 14 63
41 15 92
41 16 101
41 17 86
41 18 29
41 19 87
41 20 23
41 21 44
41 22 93
41 23 16
41 24 31
41 25 10
41 26 58
41 27 60
41 28 87
41 29 29
41 30 65
41 31 91
41 32 35
41 33 79
41 34 101
41 35 13
41 36 60
41 37 46
41 38 42
41 39 10
41 40 58
41 42 11
41 43 87
41 44 18
41 45 13
41 46 65
41 47 37
41 48 54
41 49 47
41 50 32
41 51 100
41 52 64
41 53 20
41 54 85
41 55 34
41 56 77
41 57 5
41 58 12
41 59 87
41 60 24
41 61 50
41 62 26
41 63 99
42 0 88
42 1 27
42 2 54
42 3 38
42 4 40
42 5 18
42 6 83
42 7 63
42 8 29
42 9 10
42 10 54
42 11 17
42 12 59
42 13 5
42 14 1
42 15 68
42 16 29
42 17 6
42 18 60
42 19 86
42 20 45
42 21 22
42 22 96
42 23 41
42 24 19
42 25 59
42 26 93
42 27 80
42 28 24
42 29 42
42 30 77
42 31 96
42 32 46
42 33 38
42 34 1
42 35 52
42 36 82
42 37 78
42 38 69
42 39 31
42 40 58
42 41 11
42 43 82
42 44 90
42 45 71
42 46 61
42 47 43
42 48 66
42 49 45
42 50 21
42 51 42
42 52 12
42 53 38
42 54 84
42 55 74
42 56 15
42 57 42
42 58 21
42 59 92
42 60 7
42 61 28
42 62 100
42 63 83
43 0 9
43 1 26
43 2 93
43 3 88
43 4 87
43 5 58
43 6 99
43 7 81
43 8 53
43 9 72
43 10 45
43 11 55
43 12 39
43 13 72
43 14 46
43 15 31
43 16 16
43 17 71
43 18 50
43 19 52
43 20 50
43 21 89
43 22 91
43 23 50
43 24 49
43 25 101
43 26 75
43 27 54
43 28 72
43 29 18
43 30 64
43 31 15
43 32 14
43 33 72
43 34 4
43 35 15
43 36 40
43 37 49
43 38 70
43 39 46
43 40 84
43 41 87
43 42 82
43 44 70
43 45 27
43 46 48
43 47 42
43 48 18
43 49 97
43 50 56
43 51 39
43 52 28
43 53 6
43 54 43
43 55 62
43 56 96
43 57 21
43 58 72
43 59 2
43 60 81
43 61 36
43 62 5
43 63 71
44 0 21
44 1 20
44 2 19
44 3 24
44 4 36
44 5 62
44 6 11
44 7 71
44 8 1
44 9 70
44 10 20
44 11 80
44 12 51
44 13 25
44 14 26
44 15 87
44 16 69
44 17 90
44 18 84
44 19 48
44 20 88
44 21 26
44 22 71
44 23 34
44 24 18
44 25 97
44 26 25
44 27 86
44 28 37
44 29 14
44 30 23
44 31 51
44 32 2
44 33 45
44 34 64
44 35 88
44 36 64
44 37 35
44 38 80
44 39 7
44 40 59
44 41 18
44 42 90
44 43 70
44 45 90
44 46 44
44 47 62
44 48 84
44 49 16
44 50 10
44 51 15
44 52 18
44 53 68
44 54 75
44 55 26
44 56 74
44 57 20
44 58 77
44 59 98
44 60 54
44 61 75
44 62 59
44 63 70
45 0 96
45 1 80
45 2 14
45 3 31
45 4 39
45 5 74
45 6 31
45 7 32
45 8 6
45 9 81
45 10 34
45 11 94
45 12 34
45 13 11
45 14 36
45 15 1
45 16 83
45 17 18
45 18 76
45 19 82
45 20 33
45 21 18
45 22 56
45 23 4
45 24 22
45 25 36
45 26 48
45 27 7
45 28 2
45 29 56
45 30 90
45 31 7
45 32 68
45 33 48
45 34 13
45 35 31
45 36 99
45 37 15
45 38 25
45 39 95
45 40 82
45 41 13
45 42 71
45 43 27
45 44 90
45 46 31
45 47 1
45 48 7
45 49 36
45 50 9
45 51 21
45 52 27
45 53 101
45 54 99
45 55 39
45 56 56
45 57 86
45 58 44
45 59 89
45 60 4
45 61 34
45 62 73
45 63 40
46 0 40
46 1 78
46 2 64
46 3 12
46 4 12
46 5 34
46 6 47
46 7 39
46 8 73
46 9 17
46 10 14
46 11 31
46 12 85
46 13 2
46 14 43
46 15 85
46 16 31
46 17 59
46 18 36
46 19 34
46 20 23
46 21 101
46 22 98
46 23 10
46 24 63
46 25 44
46 26 24
46 27 51
46 28 85
46 29 35
46 30 11
46 31 59
46 32 89
46 33 56
46 34 60
46 35 55
46 36 34
46 37 88
46 38 58
46 39 43
46 40 83
46 41 65
46 42 61
46 43 48
46 44 44
46 45 31
46 47 78
46 48 21
46 49 32
46 50 51
46 51 45
46 52 89
46 53 55
46 54 50
46 55 9
46 56 22
46 57 87
46 58 81
46 59 8
46 60 63
46 61 60
46 62 57
46 63 21
47 0 77
47 1 58
47 2 7
47 3 52
47 4 70
47 5 6
47 6 30
47 7 19
47 8 90
47 9 55
47 10 83
47 11 33
47 12 43
47 13 66
47 14 73
47 15 99
47 16 58
47 17 78
47 18 37
47 19 15
47 20 3
47 21 15
47 22 79
47 23 99
47 24 1
47 25 73
47 26 97
47 27 3
47 28 44
47 29 83
47 30 73
47 31 3
47 32 75
47 33 46
47 34 53
47 35 90
47 36 101
47 37 16
47 38 7
47 39 87
47 40 70
47 41 37
47 42 43
47 43 42
47 44 62
47 45 1
47 46 78
47 48 101
47 49 50
47 50 81
47 51 97
47 52 21
47 53 50
47 54 81
47 55 88
47 56 4
47 57 4
47 58 46
47 59 29
47 60 31
47 61 33
47 62 34
47 63 53
48 0 49
48 1 34
48 2 96
48 3 79
48 4 53
48 5 27
48 6 22
48 7 44
48 8 56
48 9 101
48 10 39
48 11 41
48 12 40
48 13 2
48 14 30
48 15 98
48 16 64
48 17 2
48 18 69
48 19 76
48 20 101
48 21 96
48 22 33
48 23 92
48 24 77
48 25 24
48 26 78
48 27 90
48 28 23
48 29 91
48 30 61
48 31 82
48 32 57
48 33 82
48 34 81
48 35 2
48 36 90
48 37 47
48 38 97
48 39 31
48 40 27
48 41 54
48 42 66
48 43 18
48 44 84
48 45 7
48 46 21
48 47 101
48 49 57
48 50 64
48 51 66
48 52 16
48 53 25
48 54 32
48 55 6
48 56 66
48 57 19
48 58 66
48 59 16
48 60 48
48 61 88
48 62 28
48 63 99
49 0 34
49 1 83
49 2 35
49 3 60
49 4 10
49 5 92
49 6 86
49 7 50
49 8 48
49 9 3
49 10 32
49 11 81
49 12 85
49 13 15
49 14 101
49 15 76
49 16 13
49 17 70
49 18 10
49 19 29
49 20 62
49 21 82
49 22 37
49 23 49
49 24 2
49 25 95
49 26 14
49 27 31
49 28 58
49 29 94
49 30 57
49 31 84
49 32 28
49 33 59
49 34 63
49 35 66
49 36 80
49 37 19
49 38 31
49 39 17
49 40 50
49 41 47
49 42 45
49 43 97
49 44 16
49 45 36
49 46 32
49 47 50
49 48 57
49 50 33
49 51 81
49 52 76
49 53 95
49 54 32
49 55 90
49 56 14
49 57 8
49 58 8
49 59 17
49 60 60
49 61 99
49 62 35
49 63 6
50 0 23
50 1 53
50 2 14
50 3 72
50 4 28
50 5 25
50 6 77
50 7 92
50 8 89
50 9 60
50 10 57
50 11 93
50 12 82
50 13 59
50 14 30
50 15 101
50 16 22
50 17 43
50 18 33
50 19 38
50 20 53
50 21 65
50 22 56
50 23 60
50 24 2
50 25 59
50 26 54
50 27 2
50 28 94
50 29 26
50 30 47
50 31 54
50 32 50
50 33 44
50 34 61
50 35 71
50 36 28
50 37 31
50 38 10
50 39 25
50 40 84
50 41 32
50 42 21
50 43 56
50 44 10
50 45 9
50 46 51
50 47 81
50 48 64
50 49 33
50 51 29
50 52 60
50 53 94
50 54 74
50 55 1
50 56 62
50 57 99
50 58 14
50 59 55
50 60 4
50 61 61
50 62 61
50 63 57
51 0 61
51 1 40
51 2 88
51 3 34
51 4 6
51 5 78
51 6 73
51 7 26
51 8 32
51 9 63
51 10 4
51 11 51
51 12 65
51 13 72
51 14 77
51 15 50
51 16 24
51 17 25
51 18 89
51 19 6
51 20 1
51 21 52
51 22 76
51 23 84
51 24 74
51 25 96
51 26 32
51 27 70
51 28 19
51 29 43
51 30 89
51 31 28
51 32 71
51 33 19
51 34 74
51 35 74
51 36 53
51 37 59
51 38 22
51 39 28
51 40 11
51 41 100
51 42 42
51 43 39
51 44 15
51 45 21
51 46 45
51 47 97
51 48 66
51 49 81
51 50 29
51 52 91
51 53 56
51 54 33
51 55 93
51 56 53
51 57 93
51 58 66
51 59 84
51 60 56
51 61 69
51 62 68
51 63 52
52 0 73
52 1 11
52 2 38
52 3 24
52 4 97
52 5 46
52 6 89
52 7 91
52 8 21
52 9 27
52 10 8
52 11 4
52 12 7
52 13 41
52 14 14
52 15 27
52 16 58
52 17 60
52 18 9
52 19 6
52 20 15
52 21 18
52 22 99
52 23 94
52 24 30
52 25 82
52 26 11
52 27 71
52 28 20
52 29 92
52 30 77
52 31 56
52 32 101
52 33 69
52 34 7
52 35 73
52 36 30
52 37 3
52 38 7
52 39 26
52 40 34
52 41 64
52 42 12
52 43 28
52 44 18
52 45 27
52 46 89
52 47 21
52 48 16
52 49 76
52 50 60
52 51 91
52 53 8
52 54 1
52 55 20
52 56 84
52 57 47
52 58 41
52 59 71
52 60 19
52 61 20
52 62 82
52 63 86
53 0 58
53 1 5
53 2 43
53 3 11
53 4 67
53 5 88
53 6 78
53 7 48
53 8 46
53 9 4
53 10 25
53 11 23
53 12 51
53 13 36
53 14 33
53 15 64
53 16 59
53 17 20
53 18 15
53 19 68
53 20 80
53 21 18
53 22 9
53 23 46
53 24 37
53 25 71
53 26 56
53 27 42
53 28 65
53 29 67
53 30 65
53 31 41
53 32 44
53 33 2
53 34 53
53 35 65
53 36 13
53 37 12
53 38 17
53 39 96
53 40 2
53 41 20
53 42 38
53 43 6
53 44 68
53 45 101
53 46 55
53 47 50
53 48 25
53 49 95
53 50 94
53 51 56
53 52 8
53 54 44
53 55 100
53 56 92
53 57 16
53 58 94
53 59 60
53 60 11
53 61 33
53 62 71
53 63 21
54 0 77
54 1 8
54 2 8
54 3 93
54 4 37
54 5 45
54 6 36
54 7 33
54 8 20
54 9 96
54 10 24
54 11 47
54 12 70
54 13 13
54 14 87
54 15 14
54 16 66
54 17 51
54 18 20
54 19 100
54 20 38
54 21 22
54 22 48
54 23 5
54 24 93
54 25 90
54 26 92
54 27 90
54 28 34
54 29 76
54 30 81
54 31 66
54 32 28
54 33 90
54 34 66
54 35 59
54 36 63
54 37 10
54 38 51
54 39 22
54 40 96
54 41 85
54 42 84
54 43 43
54 44 75
54 45 99
54 46 50
54 47 81
54 48 32
54 49 32
54 50 74
54 51 33
54 52 1
54 53 44
54 55 98
54 56 69
54 57 101
54 58 7
54 59 93
54 60 36
54 61 41
54 62 15
54 63 39
55 0 3
55 1 61
55 2 99
55 3 9
55 4 70
55 5 15
55 6 55
55 7 78
55 8 18
55 9 29
55 10 64
55 11 71
55 12 90
55 13 8
55 14 82
55 15 42
55 16 69
55 17 66
55 18 86
55 19 67
55 20 70
55 21 45
55 22 72
55 23 40
55 24 75
55 25 46
55 26 12
55 27 71
55 28 77
55 29 21
55 30 47
55 31 83
55 32 79
55 33 100
55 34 38
55 35 8
55 36 15
55 37 79
55 38 50
55 39 76
55 40 65
55 41 34
55 42 74
55 43 62
55 44 26
55 45 39
55 46 9
55 47 88
55 48 6
55 49 90
55 50 1
55 51 93
55 52 20
55 53 100
55 54 98
55 56 79
55 57 20
55 58 88
55 59 6
55 60 6
55 61 29
55 62 53
55 63 92
56 0 94
56 1 47
56 2 11
56 3 60
56 4 100
56 5 81
56 6 43
56 7 79
56 8 63
56 9 75
56 10 78
56 11 96
56 12 47
56 13 55
56 14 41
56 15 78
56 16 80
56 17 73
56 18 93
56 19 17
56 20 96
56 21 38
56 22 41
56 23 19
56 24 64
56 25 99
56 26 36
56 27 27
56 28 92
56 29 49
56 30 85
56 31 15
56 32 21
56 33 9
56 34 46
56 35 67
56 36 62
56 37 24
56 38 82
56 39 92
56 40 42
56 41 77
56 42 15
56 43 96
56 44 74
56 45 56
56 46 22
56 47 4
56 48 66
56 49 14
56 50 62
56 51 53
56 52 84
56 53 92
56 54 69
56 55 79
56 57 47
56 58 4
56 59 100
56 60 26
56 61 32
56 62 74
56 63 47
57 0 1
57 1 92
57 2 34
57 3 53
57 4 10
57 5 74
57 6 49
57 7 89
57 8 81
57 9 13
57 10 95
57 11 51
57 12 84
57 13 53
57 14 66
57 15 8
57 16 31
57 17 4
57 18 70
57 19 22
57 20 7
57 21 22
57 22 30
57 23 68
57 24 63
57 25 80
57 26 48
57 27 38
57 28 95
57 29 39
57 30 93
57 31 52
57 32 4
57 33 60
57 34 88
57 35 17
57 36 1
57 37 39
57 38 58
57 39 96
57 40 76
57 41 5
57 42 42
57 43 21
57 44 20
57 45 86
57 46 87
57 47 4
57 48 19
57 49 8
57 50 99
57 51 93
57 52 47
57 53 16
57 54 101
57 55 20
57 56 47
57 58 60
57 59 36
57 60 47
57 61 37
57 62 95
57 63 1
58 0 41
58 1 68
58 2 68
58 3 95
58 4 40
58 5 57
58 6 22
58 7 63
58 8 95
58 9 45
58 10 65
58 11 78
58 12 49
58 13 33
58 14 59
58 15 18
58 16 62
58 17 24
58 18 9
58 19 2
58 20 33
58 21 82
58 22 98
58 23 7
58 24 39
58 25 45
58 26 86
58 27 37
58 28 18
58 29 61
58 30 81
58 31 88
58 32 93
58 33 6
58 34 60
58 35 61
58 36 65
58 37 59
58 38 9
58 39 35
58 40 98
58 41 12
58 42 21
58 43 72
58 44 77
58 45 44
58 46 81
58 47 46
58 48 66
58 49 8
58 50 14
58 51 66
58 52 41
58 53 94
58 54 7
58 55 88
58 56 4
58 57 60
58 59 94
58 60 41
58 61 59
58 62 17
58 63 49
59 0 89
59 1 40
59 2 14
59 3 5
59 4 46
59 5 37
59 6 48
59 7 60
59 8 47
59 9 89
59 10 11
59 11 81
59 12 33
59 13 22
59 14 31
59 15 74
59 16 48
59 17 64
59 18 80
59 19 23
59 20 50
59 21 41
59 22 31
59 23 16
59 24 55
59 25 65
59 26 65
59 27 66
59 28 66
59 29 10
59 30 38
59 31 60
59 32 88
59 33 14
59 34 80
59 35 96
59 36 62
59 37 68
59 38 87
59 39 45
59 40 31
59 41 87
59 42 92
59 43 2
59 44 98
59 45 89
59 46 8
59 47 29
59 48 16
59 49 17
59 50 55
59 51 84
59 52 71
59 53 60
59 54 93
59 55 6
59 56 100
59 57 36
59 58 94
59 60 65
59 61 85
59 62 36
59 63 76
60 0 79
60 1 61
60 2 71
60 3 66
60 4 32
60 5 35
60 6 40
60 7 84
60 8 60
60 9 59
60 10 71
60 11 46
60 12 12
60 13 28
60 14 98
60 15 34
60 16 16
60 17 40
60 18 76
60 19 85
60 20 11
60 21 21
60 22 4
60 23 13
60 24 75
60 25 15
60 26 9
60 27 26
60 28 94
60 29 56
60 30 43
60 31 32
60 32 85
60 33 6
60 34 27
60 35 8
60 36 28
60 37 32
60 38 13
60 39 98
60 40 96
60 41 24
60 42 7
60 43 81
60 44 54
60 45 4
60 46 63
60 47 31
60 48 48
60 49 60
60 50 4
60 51 56
60 52 19
60 53 11
60 54 36
60 55 6
60 56 26
60 57 47
60 58 41
60 59 65
60 61 95
60 62 65
60 63 80
61 0 58
61 1 80
61 2 11
61 3 15
61 4 19
61 5 86
61 6 39
61 7 8
61 8 17
61 9 5
61 10 82
61 11 9
61 12 65
61 13 78
61 14 93
61 15 98
61 16 28
61 17 34
61 18 65
61 19 51
61 20 37
61 21 59
61 22 18
61 23 70
61 24 53
61 25 10
61 26 98
61 27 32
61 28 18
61 29 96
61 30 83
61 31 94
61 32 22
61 33 4
61 34 53
61 35 47
61 36 35
61 37 67
61 38 46
61 39 34
61 40 97
61 41 50
61 42 28
61 43 36
61 44 75
61 45 34
61 46 60
61 47 33
61 48 88
61 49 99
61 50 61
61 51 69
61 52 20
61 53 33
61 54 41
61 55 29
61 56 32
61 57 37
61 58 59
61 59 85
61 60 95
61 62 93
61 63 37
62 0 15
62 1 51
62 2 37
62 3 81
62 4 90
62 5 80
62 6 54
62 7 54
62 8 41
62 9 9
62 10 77
62 11 94
62 12 20
62 13 11
62 14 52
62 15 20
62 16 87
62 17 18
62 18 7
62 19 1
62 20 37
62 21 93
62 22 51
62 23 24
62 24 13
62 25 30
62 26 77
62 27 96
62 28 97
62 29 24
62 30 50
62 31 74
62 32 6
62 33 75
62 34 60
62 35 21
62 36 12
62 37 67
62 38 85
62 39 26
62 40 14
62 41 26
62 42 100
62 43 5
62 44 59
62 45 73
62 46 57
62 47 34
62 48 28
62 49 35
62 50 61
62 51 68
62 52 82
62 53 71
62 54 15
62 55 53
62 56 74
62 57 95
62 58 17
62 59 36
62 60 65
62 61 93
62 63 86
63 0 41
63 1 56
63 2 85
63 3 14
63 4 33
63 5 51
63 6 10
63 7 30
63 8 49
63 9 45
63 10 83
63 11 76
63 12 39
63 13 55
63 14 96
63 15 83
63 16 59
63 17 48
63 18 12
63 19 100
63 20 10
63 21 100
63 22 63
63 23 19
63 24 28
63 25 68
63 26 20
63 27 87
63 28 64
63 29 8
63 30 71
63 31 15
63 32 13
63 33 43
63 34 1
63 35 16
63 36 72
63 37 18
63 38 61
63 39 21
63 40 72
63 41 99
63 42 83
63 43 71
63 44 70
63 45 40
63 46 21
63 47 53
63 48 99
63 49 6
63 50 57
63 51 52
63 52 86
63 53 21
63 54 39
63 55 92
63 56 47
63 57 1
63 58 49
63 59 76
63 60 80
63 61 37
63 62 86
