30
0 5 43
0 7 53
0 10 9
0 12 9
0 13 52
0 14 49
0 16 23
0 17 16
0 18 67
0 19 38
0 20 15
0 22 78
0 23 88
0 26 60
0 27 30
0 28 42
1 4 23
1 6 83
1 15 68
1 21 45
1 23 80
1 26 99
1 28 46
1 29 42
2 0 56
2 1 78
2 3 86
2 4 68
2 5 22
2 9 85
2 11 34
2 12 100
2 13 39
2 16 73
2 17 65
2 18 34
2 19 15
2 20 9
2 24 55
2 27 32
2 28 39
2 29 101
3 1 76
3 4 26
3 6 7
3 8 23
3 9 74
3 11 69
3 12 12
3 13 74
3 14 11
3 16 55
3 17 78
3 19 51
3 21 20
3 22 30
3 23 18
3 25 21
3 28 59
4 5 3
4 6 66
4 7 74
4 8 29
4 9 57
4 11 7
4 14 51
4 16 71
4 17 33
4 19 38
4 20 29
4 21 86
4 22 86
4 27 37
4 29 12
5 1 12
5 6 9
5 8 31
5 10 99
5 11 94
5 12 56
5 14 95
5 16 32
5 17 48
5 20 77
5 24 8
5 26 80
5 28 79
5 29 79
6 0 2
6 2 68
6 9 27
6 10 38
6 14 47
6 15 46
6 16 91
6 18 97
6 20 70
6 21 24
6 22 47
6 24 94
6 25 84
7 2 56
7 3 77
7 8 100
7 9 54
7 16 57
7 17 59
7 19 90
7 21 26
7 22 30
7 23 70
7 24 66
7 27 15
7 28 95
8 1 84
8 2 95
8 6 16
8 12 99
8 14 91
8 16 38
8 19 7
8 21 14
8 22 93
8 23 44
8 25 17
8 27 90
8 28 26
8 29 73
9 0 57
9 12 46
9 17 97
9 20 41
9 23 1
9 24 52
9 28 47
9 29 97
10 1 71
10 2 66
10 3 38
10 4 94
10 9 101
10 11 82
10 12 13
10 14 30
10 15 67
10 18 79
10 21 6
10 25 84
10 28 98
10 29 2
11 0 13
11 6 33
11 7 50
11 8 88
11 12 61
11 13 100
11 17 73
11 20 90
11 23 14
11 24 51
11 25 84
11 26 65
12 4 32
12 7 49
12 13 78
12 14 6
12 16 57
12 17 8
12 18 98
12 20 96
12 21 86
12 23 16
12 26 65
12 27 22
12 28 31
12 29 89
13 5 43
13 6 43
13 9 73
13 10 17
13 14 4
13 15 82
13 16 76
13 17 57
13 18 22
13 20 29
13 21 40
13 22 47
13 24 84
13 27 14
13 29 74
14 2 98
14 7 43
14 17 66
14 18 7
14 23 58
14 24 26
14 25 99
14 26 34
14 29 85
15 2 84
15 4 99
15 8 32
15 16 29
15 19 96
15 20 61
15 21 89
15 24 81
15 25 83
15 27 92
15 28 75
16 10 48
16 11 20
16 14 63
16 18 74
16 19 68
16 20 36
16 21 94
16 22 22
16 25 71
16 26 9
16 27 23
17 1 9
17 6 89
17 16 88
17 19 27
17 20 31
17 21 31
17 23 51
17 24 101
17 25 16
17 27 30
18 5 67
18 7 30
18 8 60
18 21 50
18 23 37
18 24 57
18 27 101
19 9 13
19 12 9
19 14 31
19 18 100
19 20 3
19 21 2
19 22 84
19 23 89
19 25 86
19 29 43
20 8 45
20 14 42
20 18 81
20 24 34
20 25 93
20 26 95
21 2 43
21 5 96
21 9 78
21 22 82
21 24 99
21 27 11
22 10 91
22 14 80
22 17 62
22 24 82
22 25 98
23 2 75
23 4 85
23 10 92
23 13 91
23 21 4
23 22 21
23 24 52
23 25 41
23 26 56
23 27 32
23 28 6
23 29 49
24 1 59
24 3 61
24 8 14
24 10 65
24 16 90
24 19 7
24 25 92
24 26 100
24 28 97
24 29 4
25 0 96
25 2 21
25 4 89
25 5 63
25 18 17
25 27 33
25 28 18
26 2 71
26 3 83
26 8 65
26 9 17
26 10 69
26 13 101
26 18 81
26 19 94
26 28 44
26 29 31
27 5 47
27 6 76
27 9 46
27 10 47
27 19 40
27 26 63
28 4 59
28 6 67
28 11 26
28 16 30
28 18 72
28 21 57
28 22 80
28 27 29
28 29 50
29 0 25
29 3 45
29 11 84
29 16 12
29 17 30
29 20 1
29 25 65
