15
0 1 94
0 2 35
0 3 20
0 7 92
0 10 55
0 14 46
1 3 84
1 5 90
1 9 24
1 11 69
1 12 68
2 1 40
2 3 94
2 4 54
2 5 36
2 7 97
2 8 40
2 11 77
2 14 43
3 4 57
3 5 95
3 8 3
3 14 52
4 0 91
4 1 51
4 6 21
4 7 72
4 8 66
4 9 58
4 10 88
4 11 8
4 12 31
4 13 85
5 7 96
5 9 53
5 10 71
5 11 47
6 0 9
6 1 80
6 5 17
6 7 57
6 11 52
6 14 2
7 8 55
7 9 82
7 10 32
7 11 75
7 12 93
7 13 56
7 14 20
8 0 2
8 1 87
8 5 84
8 6 96
8 9 59
8 10 51
9 6 65
9 10 68
9 11 2
9 12 12
9 13 54
10 1 63
10 2 92
10 6 55
10 11 61
11 13 55
11 14 76
12 3 95
12 6 37
12 11 74
12 13 68
12 14 49
13 1 2
13 2 15
13 10 74
14 1 90
14 5 75
14 8 45
14 9 58
14 10 8
