45
0 1 30
0 7 6
0 8 26
0 10 43
0 11 37
0 12 61
0 14 13
0 16 8
0 20 85
0 21 62
0 22 38
0 23 46
0 25 10
0 26 94
0 32 87
0 37 73
0 38 45
0 40 92
0 44 59
1 5 53
1 8 59
1 9 87
1 10 54
1 11 48
1 12 9
1 14 3
1 16 41
1 19 61
1 20 81
1 21 73
1 22 69
1 24 25
1 25 12
1 26 66
1 27 9
1 29 95
1 30 10
1 31 71
1 33 63
1 34 11
1 35 92
1 39 96
1 40 40
1 42 90
2 3 5
2 4 8
2 5 5
2 6 29
2 8 49
2 11 90
2 12 26
2 15 84
2 16 44
2 20 58
2 23 52
2 26 62
2 28 50
2 38 71
2 39 98
2 41 72
2 43 68
2 44 19
3 6 12
3 8 69
3 10 62
3 11 64
3 12 60
3 14 60
3 15 15
3 17 8
3 24 2
3 25 101
3 27 39
3 28 91
3 30 48
3 32 68
3 33 70
3 35 17
3 39 72
3 41 56
3 43 17
3 44 72
4 1 63
4 3 40
4 5 63
4 6 3
4 7 53
4 13 28
4 17 71
4 22 27
4 24 82
4 25 82
4 27 61
4 28 80
4 29 16
4 30 47
4 33 92
4 34 59
4 35 68
4 36 62
4 37 88
4 38 78
4 40 10
4 41 42
4 43 63
5 3 100
5 6 50
5 11 65
5 13 82
5 17 80
5 21 54
5 22 41
5 23 20
5 24 50
5 25 46
5 27 32
5 31 49
5 33 88
5 37 90
5 39 76
5 42 25
5 43 22
6 0 77
6 1 2
6 8 22
6 9 22
6 10 75
6 11 51
6 12 67
6 13 47
6 17 98
6 19 67
6 21 61
6 25 93
6 26 41
6 28 16
6 30 4
6 32 83
6 34 74
6 38 40
6 42 35
6 43 8
7 11 23
7 12 59
7 14 34
7 15 72
7 17 81
7 22 25
7 23 33
7 27 31
7 31 4
7 32 86
7 35 47
7 36 97
7 40 101
7 41 77
7 42 57
8 5 65
8 9 50
8 11 14
8 13 20
8 17 90
8 18 23
8 20 16
8 23 6
8 24 8
8 25 47
8 28 79
8 29 97
8 31 28
8 35 1
8 39 88
9 2 32
9 4 17
9 10 46
9 11 95
9 12 9
9 13 52
9 15 91
9 17 30
9 19 96
9 24 37
9 25 67
9 26 15
9 28 34
9 29 89
9 33 61
9 35 55
9 36 53
9 38 77
9 40 61
9 41 17
9 43 4
10 5 69
10 8 16
10 11 65
10 12 49
10 13 72
10 15 45
10 17 43
10 18 86
10 22 27
10 23 66
10 25 45
10 26 58
10 27 38
10 28 20
10 29 43
10 30 64
10 32 90
10 34 3
10 35 76
10 36 40
10 38 96
10 42 22
11 13 61
11 14 96
11 18 86
11 19 17
11 21 86
11 24 41
11 26 28
11 27 45
11 28 68
11 29 70
11 31 76
11 33 74
11 39 63
11 40 19
11 44 95
12 4 11
12 8 44
12 11 24
12 13 30
12 15 28
12 17 72
12 18 52
12 21 28
12 22 81
12 27 69
12 28 101
12 30 35
12 33 51
12 34 95
12 35 81
12 37 79
12 38 10
12 39 79
12 42 79
12 44 8
13 1 101
13 3 4
13 16 17
13 19 17
13 20 44
13 21 9
13 24 61
13 25 16
13 27 43
13 28 47
13 29 77
13 30 57
13 34 69
13 37 3
13 39 76
13 40 17
13 42 91
13 44 31
14 8 54
14 10 46
14 12 10
14 13 63
14 16 87
14 18 61
14 19 74
14 20 45
14 21 45
14 22 16
14 23 6
14 24 46
14 29 52
14 30 90
14 31 82
14 33 100
14 34 84
14 35 54
14 37 81
14 38 64
14 39 52
14 41 80
14 42 64
14 43 40
15 1 43
15 5 34
15 6 88
15 8 14
15 11 69
15 13 31
15 14 57
15 17 20
15 18 74
15 20 101
15 23 100
15 25 71
15 29 10
15 30 24
15 31 70
15 33 21
15 34 100
15 35 40
15 36 5
15 38 75
15 40 33
15 41 76
15 42 81
15 43 56
16 3 24
16 4 53
16 5 79
16 6 85
16 7 14
16 11 100
16 12 101
16 15 13
16 17 42
16 20 2
16 23 27
16 24 65
16 26 86
16 27 95
16 28 73
16 30 88
16 31 84
16 32 61
16 34 99
16 35 60
16 36 11
16 37 97
16 42 72
17 2 25
17 14 12
17 19 37
17 21 68
17 22 69
17 23 60
17 24 81
17 27 77
17 29 86
17 30 40
17 31 37
17 33 31
17 34 21
17 35 23
17 37 97
17 38 66
17 39 45
17 40 89
18 1 3
18 2 82
18 9 11
18 13 64
18 17 32
18 19 45
18 24 29
18 26 42
18 27 85
18 30 84
18 31 98
18 32 60
18 34 73
18 35 72
18 37 40
18 38 94
18 40 5
18 42 40
18 43 77
19 3 93
19 4 25
19 7 21
19 15 28
19 16 9
19 24 85
19 25 61
19 26 78
19 28 90
19 30 10
19 32 77
19 35 49
19 36 28
19 37 75
19 38 22
19 39 48
19 42 80
20 5 52
20 9 21
20 18 90
20 19 83
20 22 62
20 23 75
20 24 15
20 27 15
20 28 50
20 30 33
20 32 50
20 34 79
20 43 51
21 10 40
21 15 57
21 18 96
21 19 67
21 20 2
21 24 67
21 26 52
21 27 101
21 28 25
21 29 39
21 31 101
21 32 88
21 39 43
21 40 66
21 41 99
21 42 71
21 43 6
21 44 70
22 2 37
22 3 89
22 6 97
22 9 78
22 13 73
22 19 15
22 25 7
22 29 88
22 30 92
22 32 6
22 34 71
22 36 4
22 40 95
22 44 43
23 1 37
23 6 30
23 18 100
23 19 98
23 22 15
23 28 12
23 30 12
23 31 93
23 33 9
23 36 84
23 37 71
23 40 98
23 44 41
24 6 9
24 10 65
24 15 74
24 22 21
24 23 16
24 25 67
24 26 87
24 27 38
24 29 65
24 32 26
24 34 69
24 37 17
24 38 84
24 41 53
24 42 9
24 44 25
25 2 15
25 11 20
25 14 28
25 17 26
25 18 61
25 20 90
25 28 10
25 32 44
25 33 49
25 34 9
25 35 77
25 36 65
26 3 90
26 5 44
26 7 25
26 8 20
26 12 37
26 14 83
26 17 84
26 22 8
26 23 36
26 25 23
26 29 31
26 30 47
26 32 83
26 35 10
26 37 100
26 39 4
26 40 5
26 41 55
26 42 6
26 43 24
26 44 90
27 2 67
27 6 74
27 15 20
27 19 100
27 26 74
27 31 86
27 32 74
27 36 26
27 37 11
27 38 87
27 39 98
27 42 71
27 44 28
28 0 4
28 24 32
28 29 19
28 32 88
28 33 95
28 34 7
28 36 35
28 37 9
28 38 52
29 0 2
29 3 98
29 5 20
29 12 90
29 16 10
29 18 96
29 19 19
29 23 55
29 27 101
29 30 72
29 31 64
29 33 85
29 34 73
29 36 94
29 37 87
29 38 19
29 39 75
29 40 88
29 41 92
29 42 67
30 0 96
30 2 53
30 5 71
30 24 72
30 25 71
30 27 97
30 32 96
30 33 88
30 34 50
30 39 16
30 40 17
30 41 70
31 0 77
31 3 3
31 4 67
31 12 44
31 13 55
31 19 82
31 22 56
31 24 80
31 25 64
31 26 21
31 34 92
31 35 64
31 36 40
31 38 27
31 40 11
31 42 57
32 1 14
32 5 39
32 11 31
32 12 37
32 13 74
32 14 85
32 15 7
32 17 61
32 23 82
32 29 46
32 31 56
32 33 85
32 34 5
32 35 95
32 36 11
32 37 60
32 38 97
32 39 23
32 40 90
32 42 11
33 2 99
33 6 61
33 8 95
33 10 10
33 13 65
33 16 56
33 21 9
33 24 93
33 36 78
33 39 1
33 41 80
34 0 94
34 2 11
34 3 82
34 5 27
34 7 55
34 9 77
34 19 100
34 21 80
34 23 94
34 37 87
34 40 61
34 41 63
35 0 34
35 2 47
35 5 55
35 22 26
35 23 92
35 24 68
35 27 28
35 28 56
35 29 26
35 33 2
35 36 23
35 42 74
36 0 87
36 1 15
36 2 10
36 6 14
36 12 61
36 17 98
36 20 22
36 24 97
36 26 87
36 34 49
36 37 87
36 39 27
36 40 49
36 41 88
36 42 69
36 43 67
37 1 53
37 2 15
37 3 94
37 8 77
37 9 54
37 11 26
37 15 86
37 20 10
37 21 6
37 22 25
37 31 99
37 38 45
37 40 1
37 44 12
38 11 59
38 13 34
38 16 47
38 20 24
38 21 57
38 23 58
38 26 83
38 30 86
38 33 19
38 34 27
38 36 69
38 39 33
38 43 95
38 44 79
39 4 88
39 6 101
39 7 84
39 9 3
39 18 17
39 22 1
39 25 100
39 28 55
39 34 1
39 35 88
39 41 35
39 42 60
39 44 63
40 6 4
40 16 46
40 20 8
40 27 42
40 28 44
40 33 5
40 35 59
40 38 95
40 39 51
40 42 3
40 43 10
41 0 65
41 5 50
41 6 7
41 10 20
41 16 36
41 17 17
41 19 93
41 25 98
41 27 1
41 31 56
41 37 3
41 42 2
41 43 19
42 0 31
42 4 60
42 8 86
42 9 92
42 22 4
42 23 82
42 28 72
42 33 55
42 34 77
42 37 16
42 44 64
43 8 28
43 10 42
43 11 16
43 12 26
43 13 34
43 16 85
43 17 3
43 22 90
43 23 64
43 24 35
43 25 32
43 28 48
43 30 54
43 32 85
43 34 94
43 35 28
43 37 94
43 39 22
43 42 10
43 44 30
44 4 101
44 5 91
44 7 60
44 10 12
44 15 20
44 16 52
44 19 36
44 28 41
44 29 61
44 32 59
44 33 32
44 34 37
44 40 27
