25
0 1 26
0 7 35
0 8 87
0 9 94
0 10 54
0 11 94
0 12 94
0 14 84
0 15 51
0 16 74
0 20 98
0 24 96
1 4 60
1 5 61
1 6 28
1 7 41
1 9 101
1 10 14
1 11 24
1 13 8
1 14 58
1 16 43
1 17 10
1 18 4
1 20 25
1 21 52
1 22 38
1 23 7
2 0 12
2 1 15
2 5 59
2 6 49
2 7 61
2 9 30
2 10 58
2 12 32
2 13 89
2 15 35
2 18 70
2 19 28
2 20 62
2 21 3
2 23 13
2 24 40
3 6 66
3 9 22
3 13 46
3 14 26
3 15 55
3 16 61
3 20 28
3 22 28
3 23 82
4 0 49
4 3 26
4 7 3
4 8 24
4 9 85
4 11 92
4 14 53
4 16 21
4 18 2
4 19 50
4 21 43
4 22 54
5 4 18
5 7 44
5 12 39
5 14 11
5 16 71
5 17 37
5 18 58
5 22 77
6 0 15
6 4 90
6 5 9
6 10 32
6 12 8
6 14 8
6 15 48
6 18 56
6 19 78
6 21 37
6 22 8
6 23 47
6 24 10
7 3 58
7 8 31
7 10 77
7 13 3
7 14 15
7 15 19
7 17 25
7 18 25
7 19 92
7 22 54
8 2 72
8 6 8
8 10 34
8 14 62
8 15 64
8 18 13
8 19 42
8 20 74
8 22 87
8 23 90
8 24 98
9 5 11
9 6 5
9 7 94
9 8 36
9 10 18
9 13 93
9 14 1
9 15 47
9 17 54
9 21 90
9 22 83
10 3 46
10 5 94
10 16 96
10 17 57
10 18 36
10 23 10
11 2 58
11 3 13
11 5 65
11 16 94
11 17 27
11 20 30
11 23 35
12 3 86
12 4 37
12 7 50
12 9 95
12 11 52
12 14 42
12 15 80
12 18 93
12 19 73
12 22 35
13 0 45
13 4 21
13 5 95
13 15 8
13 16 66
13 17 24
13 18 52
13 21 98
13 22 29
13 23 42
14 17 92
14 22 30
15 1 76
15 4 49
15 5 31
15 10 6
15 14 23
15 18 23
15 21 30
15 22 31
16 2 24
16 7 2
16 8 41
16 14 44
16 15 71
16 17 57
16 18 44
16 20 56
16 21 98
16 22 34
16 24 19
17 0 87
17 3 13
17 4 51
17 8 10
17 15 75
17 21 80
17 22 41
18 14 92
18 17 37
18 20 45
19 3 45
19 5 29
19 14 54
19 15 58
19 22 56
19 23 83
19 24 70
20 6 95
20 12 23
20 13 78
20 15 47
20 17 17
20 21 68
20 22 20
20 24 88
21 3 1
21 7 54
21 11 72
21 12 45
21 14 70
21 22 23
21 24 13
22 0 43
22 10 53
22 11 86
22 18 26
22 24 94
23 0 95
23 4 55
23 9 35
23 12 94
23 14 96
23 16 65
23 18 17
23 20 81
23 22 77
24 1 94
24 4 21
24 5 19
24 7 19
24 11 35
24 13 6
24 17 12
24 23 74
