40
0 1 43
0 2 58
0 4 1
0 6 82
0 7 84
0 12 71
0 14 19
0 15 70
0 16 54
0 17 93
0 21 84
0 23 80
0 24 30
0 26 17
0 28 62
0 30 77
0 31 93
0 32 28
0 33 39
0 36 30
0 38 37
1 3 5
1 8 86
1 11 2
1 13 34
1 15 70
1 18 66
1 19 91
1 20 33
1 21 67
1 23 26
1 25 63
1 28 51
1 29 2
1 31 19
1 32 58
1 34 66
1 39 92
2 4 90
2 5 97
2 9 54
2 12 26
2 14 14
2 15 4
2 18 27
2 19 66
2 21 87
2 25 37
2 27 64
2 28 42
2 29 52
2 33 45
2 34 85
2 37 76
3 2 33
3 4 31
3 5 35
3 6 87
3 14 92
3 17 43
3 18 52
3 20 56
3 21 89
3 22 88
3 25 7
3 26 7
3 28 95
3 30 48
3 31 13
3 32 37
3 34 24
3 35 4
3 38 65
3 39 16
4 5 40
4 6 6
4 7 43
4 9 100
4 11 31
4 12 34
4 13 59
4 14 97
4 16 35
4 18 84
4 20 25
4 21 53
4 22 36
4 24 72
4 25 36
4 27 83
4 29 7
4 30 97
4 34 33
4 37 10
4 38 70
5 1 35
5 6 45
5 9 59
5 12 23
5 13 41
5 14 69
5 16 76
5 19 16
5 20 13
5 27 74
5 28 13
5 30 84
5 31 63
5 32 22
5 34 77
5 35 97
5 36 84
5 37 90
6 2 7
6 7 33
6 8 34
6 9 50
6 10 69
6 11 39
6 13 18
6 16 71
6 17 28
6 18 22
6 19 87
6 21 20
6 22 46
6 23 78
6 24 80
6 25 74
6 28 72
6 29 27
6 30 56
6 31 11
6 32 77
6 33 39
6 36 101
6 37 11
7 2 18
7 9 34
7 11 76
7 12 9
7 13 46
7 14 4
7 16 36
7 23 33
7 24 60
7 25 62
7 26 29
7 28 65
7 30 101
7 31 19
7 34 100
7 36 69
7 38 89
8 0 99
8 2 60
8 3 6
8 4 59
8 7 98
8 9 5
8 10 84
8 13 82
8 14 9
8 16 46
8 20 7
8 21 38
8 26 60
8 28 34
8 29 51
8 30 92
8 32 2
8 33 82
8 36 96
8 37 71
8 39 86
9 1 40
9 3 41
9 13 15
9 15 85
9 17 73
9 18 66
9 21 9
9 22 87
9 24 52
9 26 101
9 28 10
9 29 76
9 32 95
9 34 33
9 35 29
9 36 92
9 37 22
9 38 28
10 1 59
10 2 74
10 4 49
10 7 66
10 11 52
10 12 68
10 13 47
10 15 90
10 16 4
10 17 44
10 18 94
10 20 98
10 22 57
10 24 4
10 26 62
10 29 9
10 31 73
10 33 36
10 35 53
10 36 84
10 38 46
11 0 39
11 2 63
11 3 13
11 5 14
11 12 38
11 14 4
11 17 88
11 18 62
11 19 83
11 22 90
11 23 76
11 24 101
11 28 22
11 30 5
11 32 2
11 33 67
11 35 44
11 36 71
11 39 74
12 6 50
12 8 56
12 9 2
12 13 36
12 15 35
12 17 51
12 18 7
12 19 57
12 20 90
12 21 68
12 22 86
12 23 72
12 25 96
12 27 70
12 30 80
12 31 43
12 34 40
12 35 48
12 36 9
12 38 5
12 39 94
13 3 37
13 14 83
13 15 73
13 16 37
13 19 5
13 20 91
13 22 22
13 23 86
13 26 11
13 27 75
13 30 66
13 31 92
13 34 83
13 35 19
13 36 4
13 37 72
13 38 17
13 39 32
14 6 28
14 10 36
14 12 15
14 15 62
14 16 93
14 17 41
14 18 97
14 19 69
14 24 41
14 26 71
14 32 53
14 33 29
14 34 63
14 35 74
14 37 32
14 38 40
15 4 24
15 7 73
15 8 95
15 16 3
15 18 29
15 19 31
15 20 79
15 22 16
15 23 4
15 25 92
15 26 84
15 27 49
15 30 7
15 32 39
15 34 5
15 38 70
15 39 42
16 2 69
16 9 83
16 12 66
16 17 10
16 20 70
16 22 58
16 25 46
16 28 18
16 29 77
16 30 97
16 31 57
16 32 37
16 33 27
16 35 89
17 1 42
17 4 74
17 5 72
17 13 46
17 19 61
17 21 30
17 22 84
17 23 89
17 27 34
17 28 18
17 33 35
17 35 60
17 37 81
17 38 80
18 16 53
18 17 40
18 19 98
18 20 99
18 21 44
18 24 52
18 27 32
18 32 52
18 33 57
18 37 84
18 39 41
19 7 39
19 8 29
19 9 69
19 10 18
19 16 26
19 20 78
19 22 43
19 24 42
19 25 10
19 26 96
19 27 47
19 28 87
19 29 83
19 31 53
19 32 55
19 33 52
19 36 23
19 37 82
19 38 86
19 39 95
20 0 27
20 2 49
20 6 50
20 17 75
20 21 86
20 22 94
20 23 39
20 25 60
20 27 2
20 29 97
20 30 7
20 32 44
20 36 13
20 37 20
21 5 10
21 7 32
21 11 13
21 16 41
21 22 97
21 25 95
21 26 50
21 27 44
21 29 9
21 30 47
21 31 99
21 32 21
21 34 7
21 35 33
21 36 52
21 39 21
22 0 5
22 2 99
22 5 19
22 7 70
22 8 32
22 24 54
22 29 95
22 31 95
22 32 72
22 35 18
22 36 5
22 37 62
22 38 53
22 39 32
23 2 95
23 4 42
23 19 49
23 21 22
23 22 87
23 25 90
23 27 26
23 28 10
23 32 5
23 33 4
23 34 27
23 39 98
24 1 90
24 2 40
24 3 13
24 12 73
24 13 54
24 15 45
24 17 18
24 26 5
24 30 57
24 31 79
24 35 31
24 37 75
24 38 29
25 5 78
25 8 89
25 13 101
25 22 5
25 27 91
25 29 2
25 30 46
25 31 25
25 36 81
25 37 12
25 38 33
26 5 88
26 6 19
26 11 69
26 18 29
26 20 76
26 22 37
26 25 55
26 27 68
26 28 80
26 29 97
26 31 53
26 37 41
27 3 60
27 7 55
27 9 95
27 10 20
27 11 55
27 14 38
27 28 101
27 29 43
27 30 6
27 31 91
27 35 36
27 37 42
27 39 28
28 12 73
28 13 19
28 15 98
28 20 50
28 21 6
28 22 49
28 24 31
28 25 10
28 30 71
28 34 57
28 37 81
28 38 42
29 0 90
29 3 98
29 5 21
29 12 12
29 17 97
29 30 90
29 33 36
29 35 36
29 36 81
29 39 34
30 14 5
30 17 44
30 18 37
30 19 25
30 23 44
30 26 82
30 31 80
30 32 79
30 33 28
30 37 49
30 38 101
31 2 11
31 8 12
31 9 41
31 11 10
31 23 91
31 28 87
31 29 26
31 33 65
31 35 9
31 37 100
31 39 67
32 2 6
32 4 84
32 10 24
32 12 89
32 13 4
32 25 82
32 26 68
32 27 21
32 28 45
32 29 59
32 31 71
32 35 30
32 36 2
33 1 51
33 5 41
33 9 43
33 15 66
33 21 70
33 22 92
33 27 27
33 32 21
33 34 14
33 36 5
33 37 29
33 38 73
34 8 51
34 16 85
34 18 44
34 20 12
34 25 59
34 27 17
34 30 71
34 31 10
34 32 57
34 37 25
34 39 54
35 0 98
35 1 45
35 4 16
35 15 54
35 20 12
35 23 3
35 28 8
35 30 5
35 33 2
35 34 52
35 36 56
35 39 19
36 1 97
36 2 26
36 3 65
36 14 64
36 16 32
36 17 75
36 31 88
36 34 19
36 37 99
37 0 79
37 3 90
37 7 57
37 11 9
37 16 55
37 21 34
37 23 90
37 29 65
37 38 93
38 6 8
38 8 73
38 18 95
38 21 18
38 26 23
38 29 55
38 31 17
38 32 13
38 34 67
38 39 18
39 5 25
39 7 86
39 9 88
39 16 99
39 17 5
39 20 89
39 25 9
