35
0 2 43
0 3 78
0 5 33
0 8 13
0 10 25
0 11 37
0 13 26
0 17 22
0 18 49
0 20 84
0 22 55
0 24 26
0 27 94
0 31 60
0 32 29
0 33 50
0 34 40
1 2 89
1 5 12
1 6 9
1 7 54
1 9 97
1 15 99
1 16 7
1 17 14
1 18 18
1 19 95
1 20 4
1 21 76
1 22 33
1 23 24
1 26 42
1 30 92
1 33 93
1 34 96
2 3 9
2 6 98
2 7 18
2 8 1
2 9 18
2 13 61
2 14 33
2 15 83
2 19 88
2 20 86
2 23 44
2 24 5
2 26 33
2 27 98
2 33 89
2 34 73
3 7 43
3 11 49
3 13 66
3 17 62
3 18 95
3 19 9
3 20 71
3 21 61
3 23 89
3 27 43
3 29 67
3 31 26
3 32 67
3 33 24
3 34 21
4 1 54
4 2 94
4 3 24
4 5 55
4 8 93
4 11 25
4 13 8
4 17 23
4 22 31
4 27 74
4 30 43
4 31 72
4 33 23
4 34 89
5 2 100
5 3 78
5 7 59
5 9 87
5 10 82
5 11 37
5 14 56
5 19 44
5 21 90
5 23 48
5 24 64
5 28 60
5 30 22
5 32 89
5 34 41
6 4 62
6 5 69
6 7 33
6 8 81
6 9 3
6 11 12
6 12 20
6 16 19
6 18 80
6 19 61
6 22 7
6 23 22
6 24 49
6 26 57
6 27 65
6 28 55
6 30 24
6 34 90
7 8 85
7 13 68
7 15 83
7 16 99
7 17 59
7 20 50
7 21 46
7 23 97
7 26 54
7 27 91
7 31 22
8 1 6
8 3 78
8 5 12
8 11 37
8 13 24
8 14 92
8 15 43
8 17 92
8 25 17
8 26 28
8 27 31
8 30 10
8 31 96
9 0 94
9 3 72
9 4 87
9 8 95
9 12 66
9 13 66
9 14 72
9 15 91
9 16 88
9 17 94
9 18 70
9 19 41
9 23 18
9 24 39
9 26 65
9 27 89
9 29 91
9 30 77
9 31 3
9 33 84
10 1 74
10 2 34
10 3 61
10 6 53
10 9 26
10 13 26
10 16 48
10 19 63
10 20 74
10 21 39
10 22 33
10 24 25
10 25 94
10 27 46
10 28 14
10 30 17
10 31 99
10 34 1
11 1 8
11 2 37
11 7 16
11 9 91
11 10 97
11 12 65
11 14 49
11 16 66
11 17 69
11 19 98
11 20 29
11 21 12
11 22 55
11 23 68
11 24 32
11 25 91
11 26 85
11 27 54
11 29 27
11 30 100
11 31 80
11 32 41
11 33 95
11 34 73
12 3 58
12 4 19
12 13 22
12 14 84
12 15 53
12 17 39
12 18 17
12 20 32
12 21 8
12 26 101
12 29 38
12 30 61
13 1 76
13 14 28
13 19 83
13 21 19
13 22 88
13 23 32
13 24 15
13 25 26
13 29 48
13 32 98
13 33 1
13 34 77
14 0 37
14 1 79
14 4 36
14 7 9
14 16 69
14 18 95
14 25 33
14 26 60
14 27 63
14 28 40
14 29 65
14 30 14
14 31 45
14 33 44
15 0 21
15 3 22
15 4 69
15 6 84
15 11 39
15 13 47
15 14 3
15 16 72
15 19 38
15 20 13
15 24 77
15 25 69
15 26 79
15 28 49
15 29 35
15 31 37
15 33 75
16 0 58
16 5 51
16 8 60
16 12 70
16 13 18
16 17 44
16 18 68
16 19 46
16 21 10
16 23 77
16 27 21
16 29 41
16 31 21
16 32 60
16 33 53
17 5 65
17 6 44
17 10 70
17 15 87
17 19 73
17 21 67
17 22 26
17 23 41
17 26 84
17 28 82
18 4 59
18 5 94
18 7 97
18 15 70
18 17 3
18 19 25
18 21 62
18 22 74
18 24 16
18 29 7
18 30 22
18 32 3
18 33 3
18 34 60
19 8 65
19 21 27
19 22 72
19 25 37
19 27 36
19 28 36
19 30 68
19 31 85
19 33 87
19 34 70
20 6 78
20 8 3
20 13 63
20 14 60
20 18 46
20 19 47
20 21 56
20 25 60
20 26 66
20 29 86
20 30 82
20 31 101
21 0 74
21 2 54
21 8 44
21 24 47
21 27 98
21 28 70
21 31 88
21 32 74
22 3 3
22 7 101
22 12 76
22 14 44
22 15 44
22 23 18
22 24 55
22 25 21
22 27 87
22 28 79
22 31 16
22 33 50
22 34 23
23 0 55
23 10 66
23 24 80
23 27 59
23 28 11
23 29 88
23 33 98
23 34 51
24 4 57
24 8 55
24 12 95
24 14 34
24 17 49
24 20 8
24 25 7
24 26 75
24 29 72
24 33 5
24 34 5
25 1 83
25 2 70
25 3 14
25 4 30
25 5 1
25 6 99
25 7 3
25 17 58
25 21 47
25 23 36
25 26 32
25 27 2
25 30 4
25 34 53
26 0 74
26 4 55
26 13 98
26 16 21
26 28 75
26 30 57
26 33 8
26 34 28
27 5 90
27 12 75
27 13 43
27 18 75
27 20 93
27 26 86
27 29 24
27 30 75
27 34 43
28 1 101
28 2 100
28 3 40
28 4 27
28 8 81
28 12 33
28 16 88
28 20 26
28 27 95
28 29 77
28 30 75
28 31 78
28 32 26
28 33 80
28 34 9
29 0 62
29 2 27
29 4 78
29 7 13
29 8 67
29 19 39
29 22 23
29 25 47
29 30 60
29 31 101
29 34 58
30 2 19
30 3 74
30 7 27
30 13 5
30 15 53
30 16 11
30 22 40
30 24 12
30 31 16
30 32 22
31 1 27
31 13 25
31 17 76
31 27 44
31 32 42
31 34 33
32 4 13
32 6 46
32 7 39
32 8 88
32 9 16
32 10 96
32 17 15
32 19 33
32 22 34
32 23 70
32 24 34
32 33 37
32 34 40
33 5 84
33 6 23
33 7 36
33 12 56
33 20 15
33 21 61
33 25 10
33 34 94
34 9 79
34 15 94
34 17 81
34 20 5
34 21 81
34 30 42
