20
0 2 68
0 3 76
0 5 3
0 6 24
0 9 2
0 10 40
0 12 87
0 13 75
0 14 49
0 15 59
0 16 15
0 19 95
1 0 52
1 3 74
1 5 28
1 6 37
1 7 66
1 8 69
1 10 21
1 13 43
1 18 95
2 4 97
2 6 76
2 7 51
2 8 95
2 9 51
2 10 1
2 11 101
2 12 38
2 13 42
2 15 95
2 16 15
3 2 72
3 4 68
3 5 87
3 7 59
3 9 26
3 14 3
3 16 68
4 0 7
4 1 42
4 6 66
4 7 78
4 10 96
4 14 47
4 15 26
4 18 30
4 19 24
5 2 86
5 6 74
5 10 81
5 11 69
5 13 84
5 14 36
5 17 92
5 18 99
5 19 46
6 7 46
6 8 42
6 10 27
6 12 27
6 13 96
7 8 59
7 10 65
7 11 94
7 14 38
7 15 94
7 16 63
7 17 37
7 18 13
7 19 55
8 4 84
8 10 75
8 11 60
8 13 42
8 17 87
8 18 52
8 19 94
9 1 77
9 4 75
9 5 91
9 8 72
9 15 2
9 16 99
9 17 8
9 18 95
9 19 82
10 3 11
10 9 79
10 12 55
10 13 36
10 14 18
10 15 34
10 16 92
11 1 63
11 3 69
11 4 9
11 6 97
11 10 21
11 12 83
11 14 93
11 15 32
11 18 52
11 19 68
12 1 76
12 4 99
12 7 76
12 9 71
12 13 24
12 17 26
13 4 46
13 16 97
14 1 10
14 9 61
14 12 18
14 13 53
14 15 87
14 16 96
14 17 99
15 5 86
15 6 93
15 8 66
15 12 64
15 16 35
16 4 50
16 6 82
16 11 23
16 17 62
16 19 19
17 2 25
17 4 41
17 10 25
17 15 13
17 19 71
18 0 87
18 2 17
18 10 80
18 13 75
18 14 41
18 16 62
19 1 84
19 2 25
19 3 4
19 10 20
19 12 75
19 15 85
