50
0 3 19
0 4 74
0 7 25
0 8 60
0 10 1
0 11 54
0 12 93
0 14 36
0 15 23
0 17 39
0 19 8
0 20 73
0 22 72
0 24 97
0 26 44
0 27 37
0 34 99
0 36 4
0 37 50
0 39 55
0 41 57
0 43 99
0 44 44
0 45 62
0 46 81
0 48 16
1 5 30
1 7 17
1 8 38
1 9 88
1 11 56
1 12 42
1 14 43
1 20 1
1 21 16
1 23 30
1 24 87
1 27 77
1 34 35
1 35 10
1 36 54
1 37 24
1 38 69
1 39 18
1 41 93
1 42 64
1 43 99
1 44 44
1 45 61
1 47 90
1 49 40
2 0 52
2 4 36
2 5 31
2 6 27
2 7 61
2 10 41
2 13 55
2 14 82
2 17 61
2 18 43
2 21 44
2 22 23
2 23 42
2 25 18
2 27 5
2 28 93
2 29 4
2 30 29
2 34 59
2 35 28
2 37 73
2 38 1
2 41 28
2 45 24
2 46 23
2 49 38
3 1 24
3 2 97
3 4 75
3 7 38
3 8 11
3 9 37
3 12 84
3 14 69
3 17 77
3 22 73
3 25 26
3 26 57
3 28 84
3 30 7
3 32 21
3 36 101
3 37 68
3 38 57
3 40 97
3 46 87
3 48 48
3 49 34
4 8 8
4 9 47
4 10 76
4 12 45
4 13 37
4 14 19
4 15 46
4 16 98
4 18 69
4 19 70
4 20 44
4 21 46
4 22 9
4 23 23
4 29 85
4 30 16
4 31 33
4 34 75
4 40 50
4 42 28
4 43 54
4 48 50
4 49 52
5 0 50
5 3 64
5 4 101
5 7 6
5 11 36
5 12 91
5 13 6
5 14 35
5 17 67
5 18 98
5 19 56
5 20 28
5 22 92
5 26 7
5 27 82
5 28 36
5 29 41
5 35 83
5 36 24
5 37 68
5 39 83
5 42 41
5 43 64
5 47 19
5 49 14
6 1 14
6 3 34
6 9 59
6 10 48
6 15 83
6 16 68
6 19 85
6 20 39
6 23 83
6 24 45
6 27 70
6 28 31
6 30 100
6 32 23
6 33 84
6 37 52
6 38 75
6 40 43
6 43 48
6 44 76
6 47 24
6 49 91
7 4 75
7 13 12
7 14 63
7 15 19
7 19 83
7 20 27
7 22 16
7 23 65
7 25 58
7 27 58
7 28 99
7 30 6
7 31 57
7 32 80
7 39 37
7 41 59
7 42 82
7 44 4
7 46 41
7 48 43
7 49 12
8 5 31
8 6 27
8 7 8
8 11 76
8 16 38
8 17 1
8 20 35
8 24 47
8 28 36
8 30 4
8 32 68
8 33 18
8 34 62
8 36 62
8 43 71
8 44 13
8 47 14
9 5 27
9 7 14
9 13 72
9 14 39
9 15 19
9 17 2
9 20 70
9 21 81
9 24 1
9 25 33
9 27 46
9 29 2
9 33 97
9 34 75
9 36 92
9 39 93
9 40 73
9 41 68
9 42 52
9 43 80
9 44 40
9 45 83
10 7 40
10 9 92
10 12 77
10 13 65
10 14 98
10 15 88
10 17 29
10 18 31
10 21 41
10 23 76
10 24 8
10 28 85
10 29 66
10 32 34
10 34 46
10 35 39
10 39 66
10 40 16
10 41 64
10 43 68
10 45 40
10 46 94
10 47 61
10 48 58
11 2 51
11 3 96
11 4 68
11 7 9
11 10 48
11 12 43
11 14 70
11 16 89
11 17 24
11 19 17
11 21 83
11 22 3
11 23 52
11 29 25
11 32 49
11 34 49
11 36 66
11 37 7
11 41 79
11 43 89
11 45 36
11 46 99
11 47 6
11 48 3
12 2 29
12 7 55
12 8 85
12 9 72
12 13 77
12 14 44
12 16 21
12 18 66
12 19 78
12 20 60
12 21 33
12 23 11
12 24 84
12 26 57
12 28 79
12 30 16
12 32 60
12 34 13
12 37 71
12 39 21
12 43 6
12 44 95
12 45 49
12 46 60
12 49 13
13 1 54
13 6 82
13 8 75
13 11 30
13 16 68
13 17 23
13 19 15
13 20 67
13 22 60
13 23 3
13 24 46
13 26 6
13 27 29
13 28 97
13 29 99
13 30 87
13 32 51
13 34 17
13 36 18
13 39 2
13 42 40
13 43 35
13 47 69
13 48 8
13 49 3
14 8 11
14 16 96
14 18 53
14 19 4
14 22 98
14 23 66
14 24 76
14 26 48
14 28 44
14 33 99
14 35 71
14 37 90
14 44 66
14 46 41
14 47 78
14 48 39
15 1 100
15 2 56
15 3 47
15 11 37
15 12 33
15 16 76
15 17 16
15 18 69
15 19 49
15 22 79
15 26 43
15 27 61
15 29 64
15 30 36
15 32 85
15 34 16
15 36 78
15 38 73
15 39 39
15 41 58
15 43 10
15 44 21
15 45 19
15 47 35
15 48 9
15 49 75
16 0 44
16 1 76
16 2 45
16 3 63
16 5 92
16 9 73
16 10 69
16 19 97
16 22 66
16 23 93
16 24 15
16 25 21
16 28 83
16 29 29
16 32 22
16 35 100
16 36 74
16 37 21
16 43 101
16 44 49
16 47 13
16 49 29
17 1 46
17 4 18
17 12 27
17 16 50
17 20 6
17 21 42
17 22 74
17 27 56
17 28 32
17 29 59
17 32 85
17 34 21
17 35 1
17 38 77
17 40 96
17 41 86
17 42 64
17 44 71
17 46 65
17 48 58
17 49 100
18 7 15
18 8 30
18 13 95
18 16 51
18 20 89
18 21 1
18 23 68
18 25 80
18 28 94
18 29 81
18 30 67
18 32 17
18 35 70
18 36 51
18 38 79
18 39 96
18 40 94
18 43 54
18 45 52
18 46 82
18 48 65
19 1 71
19 2 8
19 3 53
19 8 95
19 9 61
19 21 21
19 22 9
19 23 28
19 24 20
19 27 62
19 29 63
19 31 77
19 32 18
19 33 47
19 35 90
19 37 13
19 38 2
19 40 80
19 41 81
19 42 86
19 44 54
19 45 91
19 49 54
20 2 84
20 10 66
20 14 47
20 16 94
20 19 53
20 21 51
20 22 14
20 23 57
20 25 15
20 26 86
20 30 51
20 32 21
20 33 39
20 37 29
20 38 12
20 41 72
20 42 91
20 46 96
20 47 95
20 48 43
20 49 51
21 0 59
21 5 53
21 6 88
21 7 74
21 8 91
21 13 86
21 16 41
21 22 95
21 23 6
21 25 81
21 26 98
21 28 45
21 29 80
21 32 70
21 34 91
21 37 18
21 40 101
21 41 61
21 43 84
21 46 86
21 49 75
22 9 13
22 12 68
22 23 63
22 24 6
22 25 46
22 28 78
22 30 44
22 31 61
22 32 1
22 40 58
22 41 5
22 42 81
22 43 95
22 44 7
22 45 19
22 46 65
22 49 66
23 0 18
23 3 56
23 5 95
23 8 79
23 9 48
23 15 25
23 24 25
23 25 86
23 26 71
23 28 45
23 29 20
23 32 47
23 35 81
23 39 96
23 42 4
23 45 41
23 47 5
24 2 52
24 3 30
24 11 53
24 15 87
24 25 35
24 26 73
24 27 35
24 28 72
24 29 76
24 30 8
24 32 63
24 34 45
24 36 45
24 37 41
24 38 41
24 39 4
24 42 39
24 45 89
24 48 71
24 49 7
25 0 71
25 5 56
25 8 46
25 11 31
25 12 73
25 14 31
25 15 60
25 17 10
25 19 24
25 28 57
25 29 33
25 30 63
25 31 91
25 34 38
25 35 38
25 36 91
25 37 28
25 39 20
25 42 1
25 44 96
25 48 82
26 1 8
26 8 2
26 10 11
26 16 55
26 17 99
26 19 23
26 22 30
26 25 57
26 28 76
26 31 14
26 32 87
26 33 94
26 34 2
26 36 92
26 37 42
26 41 85
26 43 89
27 3 6
27 8 15
27 10 55
27 12 45
27 14 36
27 20 77
27 21 42
27 22 18
27 23 64
27 26 85
27 28 54
27 29 6
27 30 32
27 32 37
27 35 30
27 36 74
27 37 63
27 39 29
27 41 40
27 42 65
27 44 68
27 46 28
27 49 73
28 11 90
28 15 77
28 19 45
28 29 9
28 31 12
28 32 1
28 35 17
28 38 96
28 41 3
28 42 46
28 44 31
28 47 18
29 6 93
29 7 33
29 20 28
29 26 101
29 37 53
29 40 33
29 43 100
29 45 6
29 47 14
30 0 100
30 1 95
30 5 10
30 9 15
30 17 46
30 19 94
30 21 67
30 26 11
30 31 98
30 32 26
30 34 76
30 38 32
30 44 13
30 45 46
30 46 25
30 49 18
31 1 38
31 2 101
31 5 61
31 10 92
31 11 17
31 14 25
31 17 4
31 20 62
31 21 15
31 23 90
31 24 13
31 29 80
31 34 82
31 35 5
31 36 1
31 40 35
31 43 95
31 44 69
31 45 2
31 48 58
31 49 17
32 0 77
32 2 31
32 5 73
32 9 31
32 29 72
32 34 40
32 35 55
32 38 93
32 39 51
32 41 98
32 43 91
32 45 94
32 47 73
33 1 41
33 2 95
33 4 77
33 7 70
33 12 9
33 13 71
33 15 41
33 16 14
33 17 56
33 24 81
33 27 55
33 28 35
33 31 58
33 35 15
33 40 2
33 41 6
33 42 67
33 44 15
33 48 49
33 49 11
34 16 4
34 18 27
34 20 15
34 28 45
34 29 71
34 33 76
34 38 51
34 39 74
34 41 67
34 43 36
34 44 95
34 45 98
34 47 40
35 0 10
35 7 58
35 11 18
35 12 19
35 15 11
35 20 10
35 22 43
35 29 72
35 34 32
35 36 45
35 38 37
35 40 34
35 42 83
35 44 99
35 45 83
35 47 45
35 49 34
36 4 51
36 7 97
36 12 25
36 14 41
36 19 5
36 20 30
36 23 25
36 28 5
36 32 32
36 34 4
36 38 72
36 39 3
36 40 99
36 43 74
36 44 65
36 45 3
36 49 67
37 9 99
37 10 80
37 13 75
37 23 77
37 28 38
37 31 8
37 32 32
37 35 4
37 38 81
37 39 64
37 45 75
37 49 29
38 5 12
38 8 67
38 10 1
38 11 39
38 13 14
38 14 68
38 16 71
38 26 23
38 27 39
38 29 17
38 33 76
38 39 5
38 42 10
38 45 59
38 48 68
38 49 43
39 2 28
39 3 86
39 6 101
39 14 90
39 16 66
39 17 96
39 19 34
39 20 26
39 26 55
39 29 85
39 30 62
39 31 21
39 42 101
39 46 57
39 48 86
40 0 6
40 5 44
40 12 101
40 14 48
40 16 51
40 20 53
40 23 88
40 24 20
40 25 67
40 26 37
40 28 13
40 30 1
40 37 45
40 38 70
40 42 13
40 43 24
40 44 39
40 45 57
40 46 98
40 47 65
41 4 98
41 5 55
41 6 97
41 8 34
41 14 17
41 16 13
41 24 75
41 30 34
41 37 20
41 38 64
41 39 28
41 42 29
41 44 101
41 45 37
41 46 58
41 47 69
41 48 15
41 49 87
42 0 48
42 2 84
42 3 60
42 8 90
42 10 85
42 11 91
42 12 49
42 14 78
42 18 57
42 21 65
42 32 49
42 34 7
42 36 20
42 37 63
42 43 13
42 44 34
42 45 3
42 47 5
42 48 59
42 49 71
43 2 95
43 3 34
43 7 72
43 14 44
43 17 52
43 20 99
43 25 68
43 27 44
43 33 82
43 38 59
43 44 17
43 45 52
43 46 56
43 47 24
43 48 97
43 49 88
44 2 76
44 4 24
44 5 29
44 10 11
44 11 72
44 13 46
44 18 66
44 21 25
44 29 43
44 32 59
44 45 15
44 46 35
44 47 84
45 3 91
45 6 38
45 14 90
45 16 95
45 20 89
45 21 62
45 25 41
45 26 22
45 27 46
45 28 74
45 33 97
45 39 92
45 47 79
45 48 44
46 1 72
46 4 32
46 8 59
46 24 80
46 25 42
46 26 70
46 28 13
46 29 21
46 34 19
46 37 57
46 38 77
46 47 15
47 0 13
47 2 42
47 4 41
47 7 3
47 9 1
47 19 1
47 21 88
47 24 76
47 25 18
47 26 82
47 33 33
47 36 40
47 38 84
47 39 39
47 48 64
47 49 71
48 1 29
48 6 72
48 8 93
48 19 11
48 23 21
48 26 34
48 27 46
48 28 82
48 29 11
48 32 7
48 37 35
48 44 67
49 0 98
49 10 52
49 11 40
49 14 32
49 18 16
49 23 22
49 28 22
49 32 34
49 45 59
49 46 78
49 48 46
